0.758465340761866	0.1508864240852	0.0495194718495039	0.0411287633034308	0.794948199874038	0.088223296141771	0.0286961916213316	0.088132312362859	0.450082998161498	0.539599956405816	0.00744027836944531	0.00287676706324019	0.905375800403215	0.044444185820514	0.0501800137762712	0.906725561798685	0.0402489939434076	0.0530254442579078	0.874369027124378	0.0374651084034072	0.00549346241285595	0.0826724020593591	0.919841506584928	0.0128222202168187	0.00642709346435873	0.0609091797338947
0.784511927591026	0.13479662687636	0.0508194224655957	0.029872023067018	0.816280485686914	0.0821340874597413	0.0367800668679923	0.0648053599853523	0.389391663437262	0.607538138460712	0.00255184002579179	0.000518358076233766	0.919942479532936	0.039886487805635	0.0401710326614291	0.896806312153792	0.036839923555897	0.0663537642903106	0.828645423657216	0.051730904771426	0.00222185292208815	0.11740181864927	0.925740493179753	0.0047999484856983	0.00603201599887099	0.0634275423356779
0.768095291436337	0.172721938516322	0.0471523702431369	0.0120303998042035	0.835427390626288	0.0698010448010628	0.0301058122768352	0.0646657522958142	0.364831989763533	0.628849082485857	0.0059751256724175	0.000343802078192278	0.902257555878585	0.0447681068192283	0.0529743373021862	0.932500324216441	0.0381529434336095	0.0293467323499498	0.859642711327515	0.0439292767059927	0.00280554188264778	0.093622470083845	0.923713212382363	0.00765820739483499	0.00123297564737326	0.067395604575429
0.748418292725701	0.144996138275987	0.0733598533581695	0.0332257156401432	0.8083320728236	0.0669754577382911	0.0331317422751321	0.0915607271629765	0.385513278930207	0.612853749622761	0.000152420836540931	0.00148055061049116	0.900191531757612	0.0471404745727671	0.0526679936696205	0.956669538464017	0.0189617658631766	0.0243686956728061	0.861003655233506	0.0231859932842551	0.0304472417908092	0.0853631096914298	0.936856634711271	0.00210936145405513	0.0038924616438536	0.0571415421908201
0.766035997883669	0.150957167929194	0.0569170102218593	0.0260898239652777	0.865312017394219	0.0784488332946974	0.0140340220611243	0.0422051272499588	0.378374907285052	0.614984487358908	0.00396321089208774	0.00267739446395214	0.910835101890326	0.0495520590330381	0.0396128390766359	0.90337974995535	0.0430665693986735	0.0535536806459769	0.819302925193588	0.0373321338189209	0.0412249262331223	0.102140014754368	0.911860296464339	0.0249986882157567	0.00215704793510353	0.0609839673848006
0.751779017028499	0.164176258209017	0.0499200549093132	0.0341246698531705	0.819544558433406	0.0751722277336349	0.0377748786884336	0.0675083351445255	0.38644676383416	0.611814888124164	0.0012003459523634	0.000538002089312728	0.898028159932013	0.0435634200217744	0.058408420046213	0.918944556757667	0.030667669426318	0.0503877738160152	0.852404433636382	0.0346208173833457	0.011643441211665	0.101331307768607	0.931702246082955	0.00162014648817876	0.00260665934942694	0.064070948079439
0.753115459006022	0.140087316975515	0.0688737722431385	0.0379234517753244	0.834671849432532	0.0725575188795741	0.0309524701773252	0.0618181615105685	0.346064399617294	0.649626938826283	0.00169073201979669	0.0026179295366266	0.914482752591464	0.0470014071040286	0.0385158403045074	0.922701546938967	0.0252117709167735	0.0520866821442593	0.874488901576669	0.0410095797048386	0.0283731961086311	0.0561283226098615	0.923466747830281	0.0169270795946974	0.00441674286279073	0.0551894297122307
0.767914692752085	0.137518567690454	0.0639239517524269	0.0306427878050347	0.787843688210285	0.0752072339073475	0.0322746878828949	0.104674389999472	0.443993109684949	0.553108424301242	0.00051436624326202	0.00238409977054751	0.918747882487143	0.0429092673987878	0.0383428501140688	0.895857246099584	0.059109912349537	0.0450328415508789	0.780878752169948	0.0321006141597792	0.0292252796293545	0.157795354040918	0.936699837843526	0.0113800640272847	0.00292600249917393	0.0489940956300157
0.763187394975977	0.160927054216663	0.0566062187388758	0.0192793320684837	0.826109076045427	0.0566881065419122	0.0318064642136095	0.085396353199051	0.621749255507406	0.374692079087618	0.000916829049363092	0.00264183635561276	0.892620318559431	0.0506227512372589	0.0567569302033101	0.935084907743064	0.0287190262550417	0.0361960660018946	0.849546570245737	0.0361111579875717	0.0267416910880889	0.0876005806786027	0.942810436552617	0.00611960372059215	0.000517829902818946	0.0505521298239715
0.744539304306192	0.139464394732138	0.0815002214051766	0.0344960795564929	0.810513874448562	0.0760591886912785	0.043336666627372	0.0700902702327879	0.427528328866543	0.568718488291274	0.00359743846168111	0.000155744380501853	0.910509717377601	0.0414204680111559	0.0480698146112426	0.908833838287452	0.0342283235577583	0.0569378381547893	0.794684410659839	0.0147950339946398	0.0732845251870159	0.117236030158506	0.930213389322494	0.00781316840907304	0.0035187325043395	0.0584547097640939
0.758223504254101	0.157292666071565	0.0449663235776942	0.0395175060966394	0.829527991338438	0.0685028428935096	0.0341660613931041	0.0678031043749489	0.47331483386677	0.52128025390857	0.00224418043506319	0.00316073178959654	0.919943436948738	0.0375137379850954	0.0425428250661664	0.920654713769548	0.0435654864928767	0.0357797997375754	0.864720436432407	0.0250831486100504	0.0137530114023997	0.096443403555143	0.934364821803184	0.00325313884024427	0.00486616718875914	0.0575158721678129
0.742369355680642	0.17468530386341	0.056688502251296	0.0262568382046518	0.818027941429446	0.0642069048741491	0.0416764147916069	0.0760887389047978	0.426213864237239	0.569070640171791	0.000744503260271987	0.0039709923306982	0.917391171338585	0.0354387807076197	0.0471700479537958	0.910879473140408	0.0431883790482842	0.0459321478113079	0.868064706175188	0.033965645874047	0.0221390491525886	0.0758305987981763	0.922433351467892	0.0053192954957114	0.00451194330828318	0.0677354097281132
0.730445604383488	0.16381738033397	0.0750233402236199	0.0307136750589219	0.861781969136215	0.069058442463583	0.0305308146822226	0.0386287737179798	0.456646839098144	0.531081694381311	0.00432093701613336	0.00795052950441139	0.925201945523836	0.0426993421914442	0.0320987122847196	0.916088692553696	0.0406265839065969	0.043284723539707	0.841482487264744	0.0360265128031117	0.0225863467304475	0.0999046532016966	0.942006013875426	0.0011757168835178	0.00198740616071664	0.0548308630803393
0.772758237570356	0.142652819389158	0.07511864496747	0.00947029807301617	0.894132355565493	0.0772834238900524	0.0151109406524368	0.013473279892018	0.457624153356938	0.537496963212725	0.00406255661156688	0.000816326818770436	0.8931099600603	0.0393345030641296	0.0675555368755702	0.907304308866583	0.0364993600113102	0.0561963311221063	0.863604673949504	0.041754516133204	0.0213795899695663	0.0732612199477258	0.925986187078833	0.00901905107622913	0.0101675060882199	0.0548272557567177
0.763835270200579	0.171126303001386	0.0522867371089859	0.0127516896890485	0.821570416383514	0.0725430475933797	0.0389438943995467	0.06694264162356	0.420272488408451	0.573731642976855	0.00128547521344077	0.0047103934012528	0.915573395358867	0.0397143455352568	0.0447122591058767	0.939151547974251	0.0102818222316008	0.0505666297941479	0.799911515631656	0.0352172480335257	0.0240932069945473	0.140778029340271	0.924414963129585	0.0125601167358677	0.00250143146222162	0.0605234886723253
0.802909740972396	0.138902065948024	0.0374878894733084	0.0207003036062708	0.848063010793214	0.0707128716027099	0.029313533970081	0.0519105836339955	0.359811966114893	0.632628417548415	0.00422809061404429	0.00333152572264767	0.901653089042031	0.0546439007287024	0.0437030102292668	0.918966964659891	0.0312460479577973	0.0497869873823118	0.811178315721668	0.0279164540093875	0.0222085933509393	0.138696636918005	0.927206195728609	0.0145143804952137	0.00259827704959206	0.0556811467265856
0.741595659226765	0.142390485589578	0.0635658911557672	0.0524479640278898	0.807964601553057	0.0823662651811388	0.0243935949198331	0.0852755383459711	0.459787180586205	0.53269811013664	0.0052684112478934	0.00224629802926113	0.905388633912635	0.0513386290036819	0.0432727370836835	0.920264896124723	0.0301547271411996	0.0495803767340779	0.855628780799377	0.034531632548437	0.0156984498716374	0.0941411367805487	0.917971313391463	0.0144844154768161	0.000952518359852897	0.0665917527718676
0.799265282329041	0.137415135152577	0.0452103833178469	0.0181091992005355	0.804683684713936	0.0642926484198467	0.0298270829209343	0.101196583945283	0.450194195590849	0.537510418510733	0.00427523097265207	0.00802015492576609	0.911072104301653	0.0492653060050396	0.039662589693307	0.922331810870753	0.0327986288778988	0.0448695602513483	0.903074820532298	0.0231267319493679	0.0280677158464661	0.045730731671868	0.933194495047956	0.00894344745493931	0.00111681512135267	0.0567452423757518
0.767058723485765	0.122070481810789	0.0690714841877978	0.041799310515648	0.828468006756736	0.0660145721892607	0.016680785989959	0.0888366350640441	0.409734222573654	0.58345091921715	0.00077293229395987	0.00604192591523631	0.924868035219679	0.0372083843878576	0.0379235803924631	0.921235360518541	0.0483582984060093	0.03040634107545	0.88146185546712	0.0399585561344975	0.036121045088554	0.0424585433098281	0.943373099882647	0.00100800765232625	0.00120463398606949	0.0544142584789571
0.767548308779639	0.146733854928147	0.051946560939566	0.0337712753526473	0.855436063984318	0.0941052153837541	0.0345650860221508	0.0158936346097769	0.378134976920613	0.618056850460522	0.000177186241384862	0.00363098637748062	0.909436294070962	0.0447904104247843	0.0457732955042539	0.919198257929756	0.0394555199974453	0.0413462220727987	0.878881561637839	0.00879122643169301	0.020483113435628	0.0918440984948403	0.937655275634001	0.000425445158519025	0.00320298815873037	0.0587162910487493
0.774986606396604	0.162612616866221	0.0463672021402485	0.0160335745969259	0.823965922662118	0.0794785630115683	0.0231992272758966	0.0733562870504168	0.329220538733188	0.66032102661292	0.00471448106192973	0.00574395359196277	0.90454968992574	0.0487537411087286	0.0466965689655318	0.922317891602499	0.0231000765336156	0.0545820318638852	0.861953950174956	0.0365711538025731	0.0278963340829179	0.0735785619395525	0.920793065529381	0.0248374777225573	0.00171050829907674	0.0526589484489844
0.733004816324741	0.154129360421903	0.0652713144415624	0.0475945088117939	0.844179444342683	0.0840728256828498	0.0228583175938385	0.0488894123806283	0.347166420100955	0.648554148381675	0.00223391839526354	0.00204551312210605	0.908455594022074	0.04345122335194	0.0480931826259864	0.926486969305308	0.033103454207976	0.0404095764867163	0.84772951880644	0.0250779706109243	0.0286315238124681	0.0985609867701674	0.939254961581855	0.0112464097036047	2.74906484388677e-05	0.0494711380661018
0.740513277226255	0.15792350755117	0.0600482725366874	0.0415149426858884	0.832460459379916	0.0791147889541808	0.0337878305534407	0.0546369211124621	0.377882387983035	0.619826263025654	7.20434992168685e-06	0.00228414464138918	0.91879417609941	0.0368698201867696	0.0443360037138206	0.910850232121898	0.0385340625568676	0.050615705321234	0.809886092801112	0.0260247685872462	0.0258112235740635	0.138277915037578	0.930739665444222	0.00928755302733512	0.00295634219917578	0.0570164393292672
0.788080317681076	0.151216734282332	0.0575633618783288	0.00313958615826405	0.839483361647475	0.0533809694146198	0.0291047877884866	0.0780308811494185	0.428179782015939	0.570364527095187	0.000318259165411426	0.00113743172346231	0.910027668386454	0.0474269650956605	0.0425453665178856	0.920764420482404	0.036203876812699	0.0430317027048968	0.862389004073328	0.0223263679528049	0.0147578961272607	0.100526731846606	0.919232184070509	0.0152211569214865	0.00316051909998385	0.0623861399080207
0.757533994085488	0.169435597645375	0.0540167882249654	0.0190136200441713	0.82760011199591	0.0724393477053829	0.0310665961554376	0.0688939441432693	0.439801283354551	0.558841299254569	0.00132496894221701	3.24484486637854e-05	0.902397511970424	0.043706814545898	0.0538956734836776	0.917955481057666	0.0345847647078579	0.047459754234476	0.877646781501163	0.0349377895477834	0.0226545345370083	0.0647608944140449	0.932314163616918	0.0117918040740248	0.00142548663885622	0.0544685456702011
0.766081259083613	0.139163661642431	0.0524786900777492	0.0422763891962065	0.856597473124382	0.0591656246122866	0.0330729147024541	0.0511639875608773	0.4455179016896	0.54896875234908	0.00391090753391088	0.00160243842740903	0.906699953735151	0.0452452298318272	0.0480548164330218	0.934290977922835	0.0321717058890013	0.0335373161881637	0.848106328614802	0.0273069380766397	0.0385349671635854	0.0860517661449733	0.933956575092257	0.00591379917271656	0.00148991635433186	0.0586397093806947
0.764638618076229	0.131784404539286	0.0697615493345809	0.0338154280499043	0.783107202241428	0.0912259888244367	0.0375366127346637	0.0881301961994714	0.402782964372674	0.594817289383962	0.000329310754078571	0.00207043548928565	0.912739512264481	0.0444068083775744	0.0428536793579445	0.909118870304663	0.0321750931358629	0.0587060365594736	0.799085299328012	0.0342277367993132	0.0284336391426008	0.138253324730074	0.923873788865835	0.0109412113787917	0.00355969058034778	0.0616253091750253
0.746034517350854	0.155339829588897	0.0679953931074884	0.0306302599527602	0.835146981431287	0.0844579422889931	0.0344636003561921	0.0459314759235277	0.490417583015119	0.501013306783639	0.00221737380141062	0.00635173639983156	0.909569225468432	0.0522247594257722	0.0382060151057959	0.935367380603875	0.0298817641195877	0.0347508552765372	0.855689176009004	0.0286727930205234	0.0043475744161709	0.111290456554302	0.932789193070383	0.00629294118972685	0.00243495148699422	0.0584829142528953
0.775114197078625	0.151154656830497	0.0533821270127107	0.0203490190781681	0.823671796940213	0.0615101751245622	0.0166333763679942	0.0981846515672304	0.389762094640359	0.605674928721664	0.00353211776978157	0.00103085886819579	0.918219244707201	0.0374170446871001	0.0443637106056994	0.90035283711303	0.0538270782375556	0.0458200846494144	0.826945513229577	0.0388820012475928	0.0117141656799315	0.122458319842899	0.9344880841432	0.00223505892170395	0.00156559760305331	0.0617112593320427
0.765892350645209	0.150053192112213	0.0722640333076023	0.0117904239349758	0.843804231690621	0.068637528831715	0.0319756698095108	0.0555825696681535	0.409525167029857	0.587306052028084	0.00154559823927614	0.00162318270278261	0.902870094140472	0.0440531521998584	0.0530767536596698	0.926926570631311	0.0374319628793092	0.0356414664893794	0.808426423302045	0.0324928181144537	0.0128467374308621	0.14623402115264	0.92932525467868	0.00811901681460869	0.000953283971412967	0.0616024445352981
0.744571481550897	0.154904849270928	0.0569879602170501	0.0435357089611248	0.829453677512069	0.0493490506364031	0.0418089354388017	0.0793883364127265	0.354682707527705	0.641328547034779	0.00180933473515654	0.00217941070235916	0.903717809236275	0.0492276931703709	0.0470544975933542	0.913533373590731	0.0416097985468176	0.0448568278624511	0.827056510185748	0.0397325210526894	0.00506833081724327	0.12814263794432	0.940491156062229	0.00713057619322358	0.0044648695236067	0.0479133982209405
0.72966103730558	0.186710809343066	0.0540900869796531	0.0295380663717012	0.820437409125185	0.062483214560303	0.0314396074132375	0.0856397689012744	0.364108221568054	0.631029642833129	0.00200898621053851	0.002853149388278	0.915442955598931	0.0440856639942363	0.0404713804068328	0.899419420420778	0.0488568280355594	0.0517237515436621	0.850107717375223	0.031518121733243	0.00431291093862019	0.114061249952914	0.926118398465056	0.0174733960023661	0.00598520377828492	0.0504230017542927
0.748907804579393	0.169045260531229	0.054436916210787	0.0276100186785916	0.789765793100454	0.0780103542204222	0.0339069345024315	0.0983169181766924	0.307215172969688	0.68956283189335	0.000814495856044077	0.00240749928091828	0.889347340579126	0.0516178967512973	0.0590347626695762	0.917581021937109	0.0436301842563879	0.0387887938065026	0.848649455889553	0.0359998261856277	0.00408155078227696	0.111269167142542	0.920901314502235	0.0166064411677769	0.00355321627786137	0.0589390280521272
0.796114765560262	0.131683588742269	0.0590291034153817	0.0131725422820867	0.774549825555368	0.0685303621719894	0.0333443103313627	0.123575501941279	0.375013276037482	0.618343127420532	0.00595386807948963	0.00068972846249711	0.9082541529379	0.0373616235502008	0.054384223511899	0.895367086778283	0.0535297100404537	0.0511032031812629	0.899810475606796	0.00665945061312365	0.00848251860599358	0.0850475551740868	0.926438910036521	0.0138500892457184	0.00426259061847678	0.055448410099284
0.733500947094815	0.163727887050054	0.0683140143066462	0.0344571515484845	0.8126812753896	0.0710202102751047	0.0354081403547477	0.0808903739805481	0.51378725237277	0.480603654344437	0.00423570622630964	0.00137338705648327	0.910916794326502	0.0378627053407744	0.0512205003327238	0.923849508654478	0.0344118942245216	0.041738597121	0.768139730340204	0.0257776406039206	0.016329825748744	0.189752803307131	0.913440842502507	0.0215897883053575	0.00065158741892261	0.0643177817732128
0.766688307411509	0.165520242098944	0.0566481699091583	0.0111432805803885	0.870362579154588	0.0807741904991081	0.0210860829041459	0.027777147442158	0.336033896028706	0.657454711823925	0.00203247616418394	0.00447891598318555	0.905133278747265	0.0491473368094342	0.0457193844433008	0.936689631267524	0.0248904828183436	0.0384198859141325	0.872323187755606	0.0304913462452881	6.34464225131802e-05	0.0971220195765923	0.938679422683302	0.00708156557060996	0.000728629861244025	0.0535103818848439
0.756422576402465	0.153110347424415	0.0435104221198042	0.0469566540533156	0.801945334404084	0.0657318572789744	0.0326763719159915	0.09964643640095	0.311391766258697	0.686696789889018	0.00169542822813054	0.000216015624154078	0.908217302272166	0.0406563007724326	0.0511263969554019	0.915862188532533	0.0398570433330179	0.0442807681344494	0.920485289678732	0.033235979104056	0.023677474203153	0.0226012570140595	0.936047791338683	0.0106768584434542	0.000689633096238336	0.0525857171216248
0.74692125039097	0.148294295677038	0.0544362043682937	0.0503482495636982	0.805959074509458	0.0638962333417985	0.0299218712405967	0.100222820908147	0.477228985130932	0.518864073780283	0.00109983327541884	0.00280710781336537	0.911372977206589	0.0448228611616123	0.0438041616317986	0.917931399349134	0.0394963921253917	0.0425722085254744	0.816041759473238	0.0286247004609007	0.0425584493820908	0.11277509068377	0.910460173678379	0.0226184070745986	0.00575511438180423	0.0611663048652184
0.746715807989786	0.17550639301755	0.0565102867939135	0.0212675121987504	0.825903170633106	0.0823411433130688	0.0313932623093618	0.060362423744463	0.422165425282882	0.575387841935798	0.00160127716397126	0.000845455617348783	0.931649443391638	0.0427638049643258	0.0255867516440362	0.913006040502165	0.0461673070034736	0.0408266524943616	0.852340488376761	0.0335879309918298	0.00609819399728134	0.107973386634128	0.926577953534542	0.0132669179640661	0.00349674841571499	0.0566583800856771
0.772292127439678	0.14166826117354	0.0516633711084013	0.0343762402783808	0.848914788203332	0.0754609344809479	0.0264964867217314	0.0491277905939883	0.357881673838388	0.639675678996913	0.000288477337710202	0.00215416982698851	0.906726475159235	0.0481318485616889	0.045141676279076	0.908545484795421	0.0419443741933063	0.0495101410112726	0.834666392587206	0.027162258058259	0.0210910391774161	0.117080310177119	0.929459675381841	0.000316237801102716	0.000847808213178816	0.0693762786038777
0.75605203823573	0.149220788934425	0.0575775537008888	0.0371496191289569	0.821841795687493	0.0784772590194229	0.0181646007327805	0.0815163445603033	0.375859505210038	0.618257462080424	0.000678210099466159	0.0052048226100715	0.912698694223811	0.0407041626315043	0.046597143144685	0.92132619933685	0.0359283351691007	0.042745465494049	0.877956858459692	0.0214391946938372	0.0157606384300951	0.0848433084163755	0.924416577119119	0.0128377547229027	0.000539696207219963	0.0622059719507579
0.762561711177874	0.156027490849122	0.0508378866928773	0.0305729112801267	0.803560670295471	0.0678825841758799	0.0178040790320255	0.110752666496624	0.313273418398891	0.682180127425135	0.00185828506908075	0.00268816910689386	0.92522794222947	0.0486019705159058	0.0261700872546243	0.921073558535941	0.0360234393746567	0.0429030020894021	0.825157504005154	0.0421583256712746	0.0642694229671965	0.0684147473563753	0.93092757805652	0.00548420662642201	0.00168512985399898	0.0619030854630592
0.77102218554102	0.153449606750514	0.0411200711990593	0.0344081365094076	0.820643694252437	0.0634063459180673	0.0268950455563722	0.0890549142731231	0.481466326786136	0.516618475486132	0.000291511748468436	0.0016236859792627	0.919556506854756	0.0442255463637178	0.0362179467815263	0.890740290602648	0.056560620289651	0.0526990891077006	0.845743736752708	0.0277840158535946	0.00772372354831588	0.118748523845381	0.924447825116293	0.00774953162150681	0.00528521525950771	0.0625174280026923
0.763559925872317	0.165986880239014	0.0498730007430765	0.0205801931455925	0.817990095759193	0.0503869012180805	0.0411586928188696	0.0904643102038574	0.370467041569815	0.623673686418914	0.00419926104983514	0.00166001096143625	0.902096711782337	0.0464832786780234	0.0514200095396397	0.90948981588855	0.0388837808006549	0.0516264033107952	0.85200048135978	0.0297287031436139	6.13158809211011e-05	0.118209499615685	0.937473036562827	0.00364916548833851	0.00060398218535915	0.0582738157634759
0.760039594084808	0.170585121243572	0.0404697919496072	0.0289054927220133	0.836648977664428	0.0786287515955131	0.0395430927160124	0.0451791780240468	0.394646477888414	0.601807176307925	0.00162856903225831	0.00191777677140301	0.907308717492088	0.0431607917807478	0.0495304907271638	0.916997618822492	0.0332827370571357	0.0497196441203722	0.80349539314505	0.0211252146550248	0.015362836650722	0.160016555549203	0.932335331450296	0.0103425075586623	0.00372975719569199	0.0535924037953501
0.771377298591024	0.140339672476898	0.0566224609632956	0.0316605679687829	0.820102622068088	0.0644251275265659	0.041555847702624	0.0739164027027217	0.400540784383208	0.594740611465641	0.00295069460007769	0.00176790955107317	0.897011989384991	0.0459446841193907	0.0570433264956182	0.903407772337244	0.0397438944930503	0.056848333169706	0.881672754955008	0.0389426487579041	0.0182881661759584	0.0610964301111291	0.929568373752715	0.00207070673331699	0.00187230414188854	0.0664886153720796
0.766641711367641	0.175762401420331	0.0370820601231963	0.0205138270888319	0.845280287181254	0.0430283747373875	0.0228102649897623	0.0888810730915959	0.441217541104032	0.551362825967998	0.00200204454207361	0.00541758838589671	0.904702724160781	0.045449855159289	0.0498474206799304	0.887487335236089	0.0506495741446583	0.0618630906192525	0.836447345585443	0.0259507530806933	0.0023362879812404	0.135265613352623	0.936755419314988	0.000698191698546884	0.00383239306417343	0.0587139959222919
0.744023682281968	0.155682582086215	0.0678287143800723	0.0324650212517446	0.839558744863963	0.0749907163473753	0.025191328470233	0.060259210318429	0.385293881166643	0.604667160476114	0.00676834918115083	0.00327060917609257	0.92073522125448	0.0423331621858664	0.036931616559654	0.911748049158687	0.0465083037791021	0.0417436470622106	0.820270127866193	0.0621109377325941	0.0487654163032248	0.0688535180979884	0.94032278205787	0.00753644458757245	0.000889876945439382	0.0512508964091182
0.766228582999604	0.160683959234329	0.0408966955422585	0.0321907622238077	0.776618827603224	0.0732447080089086	0.0289187811560717	0.121217683231796	0.387931810989199	0.607215058810511	0.0031924889679661	0.00166064123232363	0.919570879163581	0.0386315837687757	0.0417975370676437	0.92280683771219	0.0393059422933528	0.0378872199944575	0.839437680625273	0.0288995227540438	0.0307230575595661	0.100939739061117	0.937957323560701	0.00013985666699179	0.0039924734883306	0.0579103462839764
0.745929766711212	0.173160493113483	0.0607660976314847	0.0201436425438209	0.842611688014367	0.0646494747119898	0.0243643973991108	0.0683744398745325	0.369161624801918	0.627109057443822	0.00320886941371335	0.000520448340547261	0.902119671863754	0.0395352394114649	0.0583450887247811	0.9133739308396	0.0252006416737124	0.0614254274866878	0.837445578731473	0.0357569009828239	0.0146047284210486	0.112192791864655	0.93827901401193	0.00602888749091567	0.00108247977710223	0.0546096187200523
0.795747538015888	0.114426629184931	0.0677989287452132	0.022026904053968	0.807352825556638	0.0868566019379448	0.0207681372451608	0.0850224352602564	0.442394682838608	0.553044958442145	0.00236328124055919	0.00219707747868781	0.91515818163184	0.0451414119164456	0.0397004064517145	0.904204795993072	0.0393578628758798	0.0564373411310482	0.825497179662202	0.0272288681861789	0.0147802852438994	0.13249366690772	0.922945202267352	0.0174981897216471	0.00207812944212104	0.0574784785688799
0.800169218428804	0.13117890373477	0.0502442749384147	0.0184076028980116	0.842397732320182	0.0535341798537857	0.0260656240053365	0.0780024638206963	0.431068713378732	0.566178111468638	0.00103359656106119	0.00171957859156841	0.925195204920819	0.0384437488952238	0.0363610461839568	0.905948029965581	0.0397993240593926	0.0542526459750263	0.91616408913276	0.0313463430406983	0.00748062245101422	0.0450089453755277	0.932154913365126	0.00659016073443966	0.00248548544221775	0.0587694404582161
0.775840230145257	0.152375564754278	0.0401796564674822	0.031604548632983	0.802927329392287	0.0712102550086187	0.0282603919792474	0.0976020236198466	0.305995759326829	0.691976769776216	0.00103545038639141	0.000992020510563289	0.919973216787232	0.0401627174663801	0.039864065746388	0.909757757738096	0.0494161892322162	0.040826053029688	0.806689879398372	0.042895478677952	0.026169669224216	0.12424497269946	0.931523381136834	0.0127458381969796	0.000936812721743594	0.0547939679444432
0.76043440137235	0.140867145127427	0.0619586365907041	0.0367398169095192	0.778951949938629	0.0721896834910315	0.0277020461975029	0.121156320372836	0.45088411238546	0.542911586959308	0.00306073507344779	0.00314356558178392	0.898208029032766	0.0510435512215211	0.0507484197457133	0.918381458893602	0.0245010268326911	0.0571175142737072	0.816114588059448	0.0330740865289514	0.0127247771079469	0.138086548303654	0.930178780769143	0.0155251457346999	0.00480837097999706	0.0494877025161599
0.769965369119339	0.15012125844676	0.0498002105370824	0.0301131618968183	0.858733945010946	0.0662131473238796	0.0279852341631866	0.0470676735019876	0.368973093058786	0.627339336002027	0.00299038859895484	0.000697182340232352	0.913991243666198	0.0333323028211677	0.0526764535126347	0.923032362958026	0.0257701288086067	0.0511975082333668	0.87545316408539	0.02435739513645	0.0285520926691292	0.0716373481090305	0.943521470880446	0.00260731915461596	5.96924766555647e-05	0.0538115174882824
0.778999513156743	0.134535646380839	0.0552336096105848	0.0312312308518334	0.817677660369102	0.101400880128923	0.0298656690726397	0.0510557904293355	0.422844441355112	0.575067640777863	0.000311091939237599	0.00177682592778785	0.912937202567584	0.043038728303079	0.0440240691293372	0.932852743169217	0.0416215404989064	0.0255257163318767	0.775274044994542	0.0275673613802222	0.0231945022912576	0.173964091333978	0.930967739855002	0.00788962296549411	0.000392728449360084	0.060749908730144
0.761531378992434	0.160449119911626	0.071403830972036	0.00661567012390448	0.867283230890384	0.0712749926876027	0.0269439195011699	0.0344978569208433	0.403407766384303	0.58958938862356	0.00325820164453626	0.00374464334760006	0.916856515155662	0.0401561211961855	0.0429873636481525	0.938953964963176	0.0185884451740157	0.0424575898628079	0.842531535465604	0.0265929184510276	0.0138157278462576	0.117059818237111	0.93734143775254	0.00361592437361102	0.00209560481913381	0.0569470330547154
0.756077668790141	0.136901825652985	0.0628504735167325	0.044170032040142	0.865795144625338	0.0676214021301736	0.0352214109076188	0.0313620423368697	0.469677413557075	0.52986861518478	0.000217085995094231	0.000236885263051401	0.901274051768936	0.0523892846786121	0.0463366635524523	0.911052124058158	0.0380968054056477	0.0508510705361941	0.87061567114981	0.0467297927285161	0.0196015500168185	0.0630529861048551	0.926473067578375	0.0120386069108456	0.00154869720537233	0.0599396283054071
0.788142088103556	0.129799333755323	0.0606345362001955	0.0214240419409249	0.842959374846518	0.0765925548129418	0.0283787214446656	0.052069348895874	0.553640125975903	0.444976369044543	0.00124621187265775	0.00013729310689671	0.896957079185179	0.0408020168158094	0.0622409039990117	0.923619521460975	0.0384418018033711	0.0379386767356542	0.790102626643779	0.0328044585435521	0.00853286450819677	0.168560050304472	0.91855393267681	0.0225782063683812	0.00412738108859139	0.0547404798662174
0.765119855261701	0.16402066897669	0.0588915544094746	0.0119679213521344	0.847265924847501	0.0578982365979624	0.0225401303930466	0.07229570816149	0.472459856567172	0.522849896594472	0.00173312328007246	0.00295712355828353	0.910707431787661	0.0415343202614141	0.0477582479509253	0.911672951289295	0.0282664532726169	0.0600605954380883	0.856298150404322	0.0168858239337906	0.0241181170762226	0.102697908585665	0.922078751283732	0.019436278228749	0.00313303836875647	0.055351932118763
0.766826213451495	0.140390731753849	0.0480805664159205	0.0447024883787348	0.824422693561506	0.0750055838225554	0.0241820094775295	0.0763897131384094	0.403337752830644	0.5865295824675	0.0037781497991817	0.00635451490267523	0.913775414094844	0.04772051299798	0.0385040729071756	0.905708677558707	0.0346247738967097	0.0596665485445834	0.846092351405712	0.0373258659510193	0.0252466127389143	0.0913351699043543	0.938489599140508	0.0073641154761992	0.00150261191867881	0.0526436734646137
0.782256035767761	0.143401963102688	0.058142641914521	0.0161993592150303	0.850081014828714	0.0548428048837938	0.0317513693399716	0.063324810947521	0.409108144349521	0.587200202231376	0.00147483394925533	0.00221681946984799	0.909094577219629	0.0445710531539989	0.0463343696263724	0.934113608535818	0.0354578133062809	0.0304285781579012	0.768876086441033	0.0350230189071626	0.0199428603989692	0.176158034252835	0.936126216653989	0.0149973724418967	0.00249372774252344	0.0463826831615907
0.782538071421364	0.151678764192282	0.0475875541817368	0.0181956102046167	0.821915080145358	0.0878713101183864	0.0276323465624677	0.0625812631737881	0.390492300064173	0.604260950701439	0.0042792504198113	0.000967498814577071	0.915389364021274	0.0426593395459909	0.0419512964327351	0.920389668613888	0.0261563421905584	0.053453989195553	0.859895004990596	0.033861101063314	0.000794953774402992	0.105448940171688	0.922733905835955	0.0127049011063603	0.00500667814173823	0.0595545149159462
0.818744099286179	0.110467341751326	0.0654262791503671	0.00536227981212841	0.826432069233316	0.0760684164490431	0.035516055847811	0.0619834584698302	0.382188158155869	0.61174966438585	0.00258116680820208	0.00348101065007937	0.903324730232611	0.042247710856273	0.0544275589111158	0.929664931417643	0.0456506919440035	0.0246843766383531	0.835956847081016	0.0373236602819811	0.0382881009004697	0.0884313917365336	0.921856351177516	0.0113800873375572	0.0033788572849186	0.0633847042000086
0.809023010255606	0.140402406120972	0.0361368975186702	0.0144376861047523	0.843146001238787	0.0584133973284125	0.0252709140534549	0.0731696873793462	0.455305424613208	0.541902069625253	0.00244918690661441	0.000343318854924222	0.910582317341231	0.0474000786556559	0.0420176040031136	0.891315857771886	0.0444398293923932	0.0642443128357205	0.876320197224499	0.0337349395984126	0.00869007822106263	0.0812547849560253	0.922844592955179	0.0101420145275517	0.000785477297217762	0.0662279152200516
0.791565852861455	0.142343309218861	0.0534694611528092	0.0126213767668741	0.84713933298491	0.0800045702011971	0.0319553454925988	0.0409007513212937	0.339519739385239	0.654579297674006	0.00145453573787086	0.00444642720288369	0.914571720954811	0.0470001605161642	0.0384281185290245	0.908329289193482	0.0327580458516167	0.0589126649549009	0.855509739454762	0.0357496970954622	0.0351813385016877	0.0735592249480882	0.927136519948761	0.0125096482126246	0.00231297844558055	0.058040853393034
0.753654037333692	0.175132171060684	0.0680507794826352	0.00316301212298845	0.787209115188462	0.0857836054643169	0.0287692638232672	0.0982380155239542	0.419017208959449	0.578722057727225	9.72502001768985e-05	0.00216348311314954	0.911172181537325	0.049121058045164	0.0397067604175106	0.952207779066698	0.00363541367839093	0.0441568072549114	0.783431496045124	0.0400820681570448	0.0237513641626528	0.152735071635179	0.935091702417845	0.00313572387059848	0.00658651236090519	0.0551860613506513
0.753072449794805	0.158822477206143	0.066900777826241	0.021204295172811	0.83287893859514	0.0615764344911744	0.030620926232022	0.0749237006816633	0.335405741502058	0.65724032819988	0.00546115615536982	0.0018927741426916	0.924810671092459	0.0423843748568186	0.0328049540507227	0.930932205567767	0.0196709352088585	0.0493968592233745	0.82102324818121	0.0277762406306219	0.028530028817732	0.122670482370436	0.928325019879157	0.00849367549018067	0.00217908523722285	0.0610022193934392
0.752139518826106	0.161142713477454	0.0702263234701902	0.0164914442262502	0.840032315627444	0.0709639700545345	0.0329653585836304	0.0560383557343908	0.514834094238652	0.477870538021039	0.00104645248851465	0.00624891525179495	0.923063932097197	0.04426022408274	0.0326758438200631	0.919693702127863	0.0160759286095864	0.0642303692625504	0.791701581716503	0.0289742756882527	0.0520200007497418	0.127304141845503	0.933745086037171	0.00247303247208652	0.000848806357640033	0.0629330751331019
0.753387924374424	0.165745946683025	0.0444668070725148	0.0363993218700362	0.7662114428893	0.0789045594059802	0.0229584851806211	0.131925512524099	0.439791459520453	0.55247952032765	0.0018494812135574	0.0058795389383397	0.914464838281339	0.0368217780428607	0.0487133836758	0.919594185387227	0.0271444537018756	0.0532613609108973	0.797464803556798	0.0192143696499346	0.0373184704671237	0.146002356326144	0.92759484655179	0.0116944486998357	0.0050527682080996	0.0556579365402742
0.790284346158181	0.151960142526744	0.0545653178770505	0.00319019343802417	0.812814322391721	0.0831214153270225	0.0283934511844428	0.0756708110968137	0.515199380211256	0.480061451369598	0.000743315312420098	0.00399585310672536	0.934260211439258	0.040080296954779	0.0256594916059634	0.911731237701021	0.0295381914188835	0.0587305708800956	0.840584708542838	0.022014683469765	0.0154984058766821	0.121902202110715	0.935411285302225	0.010817755758136	0.000846448920032184	0.0529245100196072
0.760518896783167	0.169394510012629	0.0498397122090901	0.0202468809951135	0.823360208826543	0.0629510365232116	0.0282034678813844	0.0854852867688607	0.439970013482283	0.556190007997557	0.0026094605897142	0.00123051793044584	0.90734986582057	0.0388805934773222	0.0537695407021077	0.915274129210517	0.0496523084513537	0.0350735623381294	0.842614992608492	0.0277177936894076	0.0187188233654949	0.110948390336605	0.925742018282858	0.00780948959770388	0.000878150741131577	0.0655703413783066
0.794196144728316	0.132814858697249	0.0519543622610594	0.0210346343133755	0.813150215162668	0.0742755048712943	0.0369411693358483	0.0756331106301897	0.451955701163996	0.543279667561698	0.00337306210392278	0.00139156917038248	0.925841840736666	0.0465836354757281	0.0275745237876056	0.91023194376321	0.0483229139382633	0.0414451422985268	0.82689829770526	0.0473488695647768	0.00425203803417102	0.121500794695792	0.934361607152631	0.00922792295529348	0.000203531629960473	0.0562069382621146
0.767649027144405	0.137993873393336	0.0687358057725674	0.0256212936896915	0.804730378865346	0.0627583681494149	0.0384230102073881	0.0940882427778512	0.473651052981392	0.519617693438889	0.00469197822883133	0.00203927535088714	0.915460162118983	0.049752211189512	0.0347876266915053	0.948078398955134	0.0173677505427899	0.0345538505020758	0.867115750401654	0.0336165014554939	0.0233959616196196	0.0758717865232322	0.942759457633502	0.00154000135751717	0.00294166587915222	0.0527588751298284
0.743341289930978	0.177760058961472	0.0580851074855645	0.0208135436219858	0.792450609025303	0.047771031703133	0.0301042080800628	0.129674151191502	0.444416051464815	0.550622714312424	0.00252737687355801	0.00243385734920281	0.919943081731014	0.0392150232668375	0.0408418950021485	0.928566852237989	0.0271176361270914	0.0443155116349199	0.819872689236395	0.040863179577249	0.016943912574823	0.122320218611533	0.93258554017097	0.00336441336777554	0.00274772419869079	0.0613023222625641
0.77270656479186	0.153175344079973	0.0565180784540304	0.0176000126741365	0.842627111065046	0.0697983116989219	0.0214382734792873	0.066136303756745	0.492348874391757	0.501073928572778	0.00299191746002763	0.0035852795754364	0.903849953124211	0.0373627150485695	0.0587873318272197	0.926760461302477	0.0387304261032051	0.0345091125943176	0.895385510912275	0.0252344387070878	0.0126536119615962	0.0667264384190409	0.924035633353075	0.0120383874780475	0.00219064500538758	0.0617353341634902
0.778769435532779	0.127033424580376	0.0480356305335758	0.0461615093532694	0.772316435542207	0.0862607496491291	0.024337642425388	0.117085172383276	0.408179460848382	0.58551475346014	0.00251130410501498	0.00379448158646411	0.920022839922105	0.0425373912308242	0.0374397688470705	0.926552084327962	0.0283760890405375	0.0450718266315001	0.752492452875522	0.052803411359838	0.0124364255465186	0.182267710218121	0.93520556899916	0.00719750043098046	0.00113820662370574	0.0564587239461535
0.804201676108977	0.151393452831494	0.0374457988124805	0.00695907224704844	0.785049528872712	0.0757035025254134	0.0310782306891548	0.10816873791272	0.421548081693913	0.575273206198419	0.00118369793578032	0.00199501417188825	0.908270570729158	0.0435054272822914	0.0482240019885509	0.909672455161288	0.0568066231826848	0.033520921656027	0.810919826817062	0.054054200618926	0.0177050493662299	0.117320923197782	0.927802334644749	0.0148398929517867	0.00359952440271824	0.0537582480007463
0.792081367196745	0.148601140521526	0.041062654102024	0.0182548381797046	0.819960343505768	0.0717644605205947	0.0374633489449422	0.0708118470286954	0.347993805087412	0.65030663844751	0.0012237324007119	0.000475824064366605	0.906028705023641	0.0496917181395917	0.0442795768367672	0.94799575563007	0.0129698108637332	0.0390344335061971	0.801345498460069	0.0334235274319104	0.0288574877788587	0.136373486329162	0.942597466981846	0.00158363282064019	0.00411952969647854	0.0516993705010357
0.766857062720652	0.1548565711376	0.0303264353608146	0.0479599307809327	0.81033869111249	0.0741081991493201	0.0284643141370196	0.0870887956011702	0.410037326051723	0.579744616938384	0.00812658468328579	0.00209147232660717	0.908456319290993	0.0493256606444913	0.0422180200645158	0.909598210950807	0.0339118920955792	0.0564898969536135	0.843168430075854	0.0143724651910608	0.00970931411464146	0.132749790618444	0.940822206678255	0.00480038511629541	0.00076212603524752	0.0536152821702025
0.79703147426455	0.125260229435464	0.0540609464226975	0.0236473498772885	0.843492068486186	0.0680208226466671	0.0372381395475614	0.0512489693195853	0.465143272337273	0.530579107434288	0.00135934068815475	0.00291827954028422	0.90219024404633	0.0478428169953466	0.0499669389583237	0.928266652616329	0.0220714048314152	0.0496619425522558	0.801937706514703	0.040532344830031	0.0191077914222099	0.138422157233056	0.918813968011902	0.0143660232836776	0.00309658703287675	0.0637234216715434
0.769678278007052	0.158310878083069	0.0560077891148764	0.016003054795003	0.859263711174901	0.0521173624783594	0.0308744369488301	0.0577444893979091	0.461450090124108	0.534066677074023	0.000349852946373525	0.00413337985549578	0.920100176197444	0.0400809772916861	0.0398188465108699	0.938318487594714	0.0336266647775199	0.0280548476277661	0.802077613488501	0.0274365874081611	0.0283813253773964	0.142104473725942	0.934835423551659	0.00972829520930824	0.00515667933206054	0.050279601906972
0.792251299782454	0.134804376620172	0.0563175713447282	0.016626752252646	0.829736486794897	0.0607373004056313	0.0311768719700212	0.0783493408294508	0.400926019189731	0.597299684787648	0.00107598157616984	0.000698314446451779	0.907795747131489	0.0454690128161557	0.0467352400523549	0.916764614974359	0.038779261127647	0.044456123897994	0.83253019859294	0.0428426115618343	0.0568273659754576	0.0677998238697682	0.92518947749266	0.0181952014490267	0.000274237860822166	0.0563410831974916
0.753884195592019	0.155759646425782	0.0630048004941481	0.0273513574880508	0.869362824271799	0.0702399823216386	0.0331002150963858	0.0272969783101765	0.406580925947204	0.589429089092847	0.00387447897570188	0.000115505984247599	0.910195519103629	0.036961391351865	0.0528430895445059	0.946037626133966	0.0173988276920981	0.0365635461739363	0.884223883081985	0.0411095926475437	0.00168410934093667	0.0729824149295344	0.924422110844711	0.0132548750998906	0.00377075723302818	0.0585522568223699
0.764689538534883	0.141525759164073	0.0758968731333658	0.0178878291676785	0.838356538100714	0.0737501274813592	0.026492838684306	0.061400495733621	0.40338365264472	0.594979821910733	0.000271645466962163	0.00136487997758462	0.886626658121199	0.0497691736194288	0.0636041682593725	0.921989683045087	0.0355228313354628	0.0424874856194505	0.749406946852704	0.0368554566106474	0.0264899400093633	0.187247656527286	0.937260005197081	0.0067769339101261	0.00335906060449994	0.052604000288293
0.759249708573315	0.171261400102601	0.0474295425271406	0.022059348796943	0.832629927062123	0.0683019984067198	0.0210380590283636	0.078030015502794	0.372598002889396	0.624457213047269	0.00011273215442123	0.00283205190891382	0.91329019865912	0.0456781396714964	0.0410316616693834	0.91682546782591	0.0355215577812063	0.0476529743928841	0.898120010776895	0.0258090114380574	0.0102956022512699	0.0657753755337775	0.934511259270689	0.00353600546338782	0.00319079504105477	0.058761940224868
0.735646383603416	0.173015395480618	0.0573176807384883	0.0340205401774774	0.800850752874952	0.0626832116896646	0.0404794284256048	0.0959866070097789	0.498575219576188	0.492598326979914	0.00564530275351531	0.0031811506903826	0.916273371585448	0.0435588887125541	0.0401677397019983	0.919838751203226	0.0360063900892961	0.0441548587074783	0.855060039874719	0.0529059225226527	0.00224105012768807	0.0897929874749402	0.941337627011809	0.00729142240860353	0.0015435438207753	0.0498274067588121
0.767634659656847	0.132826559010314	0.0514987720254713	0.0480400093073678	0.837464769107279	0.0630427228470594	0.0348723660444933	0.0646201420011686	0.393146698404067	0.604829593646703	0.000825901133787339	0.001197806815443	0.911749436916433	0.0432575294062594	0.0449930336773075	0.915906570273389	0.0444978058720976	0.0395956238545134	0.831247657702543	0.0357889760933498	0.0328680727766734	0.100095293427433	0.924146338280655	0.023561178113624	0.00308940070233928	0.0492030829033817
0.785100723478733	0.131851198704518	0.0690275348850191	0.0140205429317298	0.786301729457357	0.0960113379743004	0.0429586629607519	0.0747282696075909	0.327070564008589	0.665007073244494	0.00178934368793396	0.0061330190589826	0.901840457460959	0.043978424378805	0.0541811181602356	0.945309065130824	0.0321966554940321	0.0224942793751437	0.806083504248135	0.0374291275002796	0.0119335366511775	0.144553831600408	0.943648010104809	0.00336746693700259	0.00115305251456864	0.0518314704436199
0.788535291752757	0.13678488579749	0.0695912077796733	0.00508861467007945	0.864654208622185	0.0631171997235038	0.0353944984518212	0.0368340932024898	0.463421594076545	0.525359947030137	0.00896078113673044	0.00225767775658825	0.916235608801467	0.0410947467416264	0.0426696444569069	0.917628794072065	0.0371282562428958	0.0452429496850391	0.82371758213435	0.0269232597604969	0.0252863328827211	0.124072825222432	0.912753049017163	0.0176400647977065	0.00222948825034555	0.0673773979347852
0.726780119311653	0.178206835657781	0.0577537505520883	0.0372592944784773	0.799346896237964	0.0779529715094014	0.0416074423380358	0.0810926899145987	0.385615258304805	0.609814345726448	0.00276372015877797	0.00180667580996883	0.90831501146365	0.0465134729142636	0.0451715156220863	0.908386136910367	0.0314525701561106	0.0601612929335229	0.841778799490862	0.0343536150109894	0.043324809088231	0.080542776409918	0.927452511179024	0.00981102301383644	0.00348248988152478	0.0592539759256151
0.742136564903762	0.193019873326103	0.0551755150330099	0.0096680467371255	0.793803323906854	0.0957515260858832	0.0328455375837268	0.0775996124235359	0.453911236701125	0.541727974301399	0.00334097088180789	0.00101981811566823	0.899737299980454	0.0509501588672235	0.0493125411523219	0.913631296189584	0.0416780880587388	0.0446906157516771	0.846224402262832	0.0377937469771587	0.011971846587478	0.104010004172532	0.923668097617605	0.0160594285748919	0.00127796003604389	0.058994513771459
0.796191464675169	0.140281568688149	0.0516695685822989	0.0118573980543828	0.790493576179278	0.069689700362309	0.0337952813131879	0.106021442145225	0.42038992277715	0.569699486520896	0.00232614933260497	0.00758444136934987	0.907337497864478	0.0481511467138931	0.0445113554216288	0.919053720768471	0.0316769116955868	0.0492693675359421	0.857462861539605	0.0363223750585129	0.00772202080534757	0.0984927425965341	0.927184354468443	0.00764289251502664	0.00340474609646997	0.0617680069200604
0.761386597575963	0.151842830220298	0.0465503240502227	0.0402202481535161	0.870590901408938	0.0679651281309154	0.0253749884366176	0.0360689820235286	0.317064549704233	0.678331470787814	0.000413035494387139	0.00419094401356534	0.903626421958766	0.0489114611680403	0.0474621168731934	0.902044136219887	0.0445574927480618	0.0533983710320509	0.850878909107265	0.0265606877632206	0.0246598175782762	0.0979005855512378	0.922309152243704	0.0151523834748665	0.00272634682085464	0.0598121174605751
0.757316185658663	0.172270665613509	0.0403085212849043	0.0301046274429241	0.811531949806212	0.0713854432036116	0.0250916617817377	0.0919909452084383	0.404236763005324	0.590188998668362	0.00545201454666504	0.000122223779649302	0.921835162262741	0.0445834393415633	0.0335813983956953	0.914260417357336	0.038145657917918	0.0475939247247459	0.88385403066903	0.0357268865863373	0.000779422402428792	0.079639660342204	0.935023820984763	0.00130593714592967	0.00125235322355865	0.0624178886457482
0.745703471468542	0.169746052242624	0.0668562674411577	0.0176942088476766	0.82991366356167	0.0650060790185083	0.0362606564101966	0.0688196010096249	0.511642609664973	0.482130767205314	0.00415915309129949	0.00206747003841338	0.929436708879711	0.0464921727576654	0.0240711183626235	0.920422559830859	0.0403198829989035	0.0392575571702374	0.844284584280203	0.0365859831599361	0.0106253084568558	0.108504124103006	0.924754258330686	0.0124681622141167	0.00558157651980198	0.0571960029353953
0.747176026375757	0.176412526641813	0.0289032878130762	0.0475081591693542	0.835822246249053	0.081038822592638	0.0377097129235472	0.0454292182347619	0.429210623915083	0.56747006651167	0.00211277104376769	0.00120653852947922	0.908649700341036	0.0420062464195273	0.0493440532394365	0.909068629493482	0.0389267595586338	0.0520046109478839	0.840822709276691	0.0355362555590441	0.0317187400387658	0.0919222951254992	0.9289454900698	0.0123464287350483	0.00132020649116819	0.0573878747039833
0.798966944426734	0.138906023027574	0.0311358591026172	0.0309911734430756	0.7914596728275	0.0602808626239202	0.038650470324479	0.109608994224101	0.390529227468186	0.606240098143549	0.00212338075865078	0.00110729362961454	0.907524252860734	0.0423780626239249	0.0500976845153411	0.91216811709205	0.0302066407210096	0.0576252421869408	0.879410875635865	0.0386521755802446	0.00305328548861232	0.0788836632952784	0.929232794785165	0.011287068259181	0.000276434436163804	0.0592037025194901
0.754909895376431	0.178480240252761	0.031280980621042	0.0353288837497663	0.809149798889487	0.0766675942675974	0.0205920370300684	0.0935905698128471	0.305597705780886	0.689485946468614	0.00237569952350567	0.00254064822699408	0.919858874253587	0.0410032957168377	0.0391378300295752	0.911715064620671	0.0520382211465601	0.0362467142327687	0.79898702246476	0.0201834268616379	0.0419903861722027	0.138839164501399	0.927308728951185	0.0152547594796957	0.00247855313086326	0.0549579584382564
0.719275604235569	0.173235453247325	0.0704904380623821	0.0369985044547234	0.828437278442854	0.0731344679458121	0.0343549251982469	0.0640733284130873	0.368952801427732	0.628778788892443	0.00163141602466727	0.000636993655157352	0.92251706422356	0.0454100658624983	0.0320728699139418	0.902377959889343	0.0414677560062159	0.056154284104441	0.84593983794527	0.0326310252818226	0.032688797546931	0.0887403392259762	0.946906250290656	0.00264852975636672	0.0030167607930399	0.0474284591599378
