0.764586961924597	0.148415529177595	0.0662271521296341	0.0207703567681734	0.781369856293553	0.0975210516463004	0.03375842970189	0.087350662358256	0.265999988952137	0.729302658016177	0.0032081269671681	0.00148922606451771	0.9318273189785	0.0175992759747437	0.050573405046756	0.97333303895004	0.00881521906896537	0.017851741980995	0.832170430049454	0.0554972536644244	0.00948011490758365	0.102852201378538	0.808531002156312	0.0309030006895657	0.0022499825589264	0.158316014595196
0.77850877958381	0.134190194404428	0.0580741660921959	0.0292268599195656	0.789006992922696	0.0890340798587754	0.0308879954553659	0.0910709317631621	0.271706450734804	0.722466281995165	0.00411847456878722	0.00170879270124415	0.934790822675254	0.0258640569979257	0.0393451203268204	0.892467725176934	0.0446649170004196	0.0628673578226468	0.836448093173105	0.0498589593702367	0.00930490815141316	0.104388039305246	0.784589264298254	0.0403330874204707	0.0013459411454477	0.173731707135827
0.782152353523542	0.118481799241232	0.0561673485731302	0.0431984986620951	0.781228612000949	0.0845578003871672	0.0339668731799524	0.100246714431932	0.265478208683716	0.727537873208021	0.00349910545721715	0.0034848126510464	0.935558725962761	0.0233921661699729	0.0410491078672665	0.928780610843513	0.0414954044823434	0.029723984674143	0.868963824701073	0.0463758170627872	0.0168991445201876	0.0677612137159519	0.777306303814838	0.0436108777493409	0.00306048216075258	0.176022336275069
0.766492957143458	0.139709535262045	0.0507850321244736	0.0430124754700236	0.778438523163124	0.0977995562968199	0.0337677726993686	0.0899941478406878	0.25790515821575	0.740744112040306	0.000180664357096516	0.00117006538684756	0.927848286861359	0.0215213732058103	0.0506303399328309	0.918591255506043	0.00996335906134241	0.071445385432615	0.838059915304743	0.0516062885937694	0.0210874105019064	0.0892463855995818	0.816080800683967	0.0371463803219282	0.00226779651884434	0.14450502247526
0.751251747792954	0.159758765047977	0.0556225659443179	0.0333669212147513	0.778470152462322	0.0984487573685405	0.0306749492143633	0.0924061409547745	0.261697296151643	0.732809460040866	0.00294565202218728	0.00254759178530345	0.939701695886088	0.0196077062509987	0.0406905978629133	0.95061095307036	0.0181692937799207	0.0312197531497196	0.821581884175522	0.0575154470662755	0.0148634671763719	0.106039201581831	0.814345901425873	0.0251855302608324	0.00282394450975997	0.157644623803535
0.757408336101082	0.165967197715935	0.046510651035887	0.030113815147096	0.778022694479899	0.0872023602747191	0.0320778318542367	0.102697113391145	0.246049425765164	0.750989733592616	0.00284028477477552	0.000120555867444362	0.937683039260061	0.0231947058580731	0.0391222548818663	0.932024277990693	0.00886489450376144	0.0591108275055453	0.873806867477624	0.0457589894387819	0.00307187762863649	0.0773622654549578	0.802672315897837	0.0377570020764612	0.00280235824435392	0.156768323781348
0.751753611501574	0.156458991744973	0.0595668344484117	0.0322205623050418	0.772483818501345	0.0909343207098575	0.0344087155734642	0.102173145215334	0.271577966467937	0.721496199686728	0.00613210405726427	0.000793729788070691	0.949156592634948	0.0128334833459173	0.0380099240191347	0.91671479009302	0.0338008573928067	0.0494843525141734	0.833778144694557	0.0489060473974894	0.00495665041031073	0.112359157497643	0.82934149361574	0.0398971141929637	0.00386256955302908	0.126898822638267
0.790749730920541	0.122071374240827	0.070321177305511	0.016857717533121	0.784549518842051	0.086520438628857	0.0355387878201748	0.0933912547089174	0.235949353820448	0.758087699250269	0.00348532666463205	0.00247762026465058	0.945979478081855	0.0221692543644006	0.031851267553744	0.950645561930517	0.0388871940766011	0.0104672439928821	0.875262379331045	0.0505087350028728	0.00118497760652087	0.0730439080595617	0.812819428188803	0.0386228412597277	0.000987811948457749	0.147569918603011
0.738051252708156	0.171576951983399	0.0586983372095718	0.0316734580988735	0.790328517986365	0.0833827317111989	0.0271861891561878	0.0991025611462484	0.255794450222151	0.732957243983308	0.00463549180491295	0.00661281398962843	0.937761719482563	0.0178827794487041	0.044355501068733	0.899457468582354	0.0314590600331007	0.0690834713845449	0.872268426066994	0.0507958002775522	0.000632144167289228	0.0763036294881649	0.775623915275279	0.0430998437643997	0.00209445435950911	0.179181786600812
0.756575994577728	0.148615185853374	0.0563706919396004	0.0384381276292975	0.787991554212235	0.0892617263566643	0.0306360826218297	0.0921106368092706	0.245886322183304	0.746059752027964	0.00381212324552542	0.00424180254320681	0.935107777211681	0.0178807217745737	0.0470115010137453	0.934667051026783	0.0175788427957217	0.0477541061774958	0.847081919308799	0.0498862658724224	0.0163956593206391	0.0866361554981395	0.791513178144016	0.0378664918037593	0.00581174472482656	0.164808585327397
0.757959684624202	0.159668965479233	0.0547517184195756	0.0276196314769893	0.775105094243738	0.0969539903741116	0.0320014314929642	0.0959394838891861	0.255482868440929	0.740301202268294	0.000162715382205598	0.00405321390857122	0.956753817093214	0.017781398492119	0.0254647844146668	0.90951697629377	0.0310173135453326	0.0594657101608971	0.821491235119329	0.0506064179999822	0.0304784270382944	0.0974239198423943	0.789804318487003	0.0385884794277348	0.00190502778274104	0.169702174302521
0.773185079913489	0.158831242763127	0.0449859225982069	0.022997754725177	0.772098796644335	0.0978175866588823	0.0328407684036504	0.0972428482931322	0.268907735425154	0.729008894945735	0.000916480015147364	0.00116688961396336	0.946103388000116	0.0177734858223968	0.0361231261774873	0.903063105597127	0.0345772482956083	0.0623596461072644	0.852471757001883	0.0514771709581684	0.00064215288081492	0.0954089191591334	0.791385400164858	0.0279167609173472	0.00228612794666602	0.178411710971129
0.761129248987031	0.154302718993822	0.0496013454781829	0.0349666865409639	0.780350022490729	0.0815678059171655	0.0399060851327731	0.0981760864593321	0.265891945719524	0.728763161791124	0.00311849566725669	0.00222639682209615	0.937216093252728	0.0202103356627294	0.042573571084542	0.930536812917814	0.015652349962742	0.0538108371194443	0.837366945243661	0.0462288882955807	0.0159795600701567	0.100424606390602	0.798575054545703	0.0377464091494926	3.58564277325396e-07	0.163678177740527
0.786303731594514	0.105627059715297	0.070620676324662	0.0374485323655269	0.785700700806874	0.0926770501676979	0.0314610091035966	0.0901612399218318	0.250738222225791	0.743157999339478	0.00573528996626291	0.000368488468468267	0.938760660450815	0.0150437511657028	0.0461955883834821	0.920152893666296	0.00530891583327467	0.0745381905004292	0.857237809517395	0.0457926169177267	0.00868457395854873	0.0882849996063299	0.762449159875708	0.0353478873875835	0.00744620134129207	0.194756751395416
0.765740956511444	0.136058117332371	0.0714966839858474	0.0267042421703377	0.792509998154697	0.0919652176065851	0.0259172795530757	0.0896075046856419	0.249366863131598	0.745241319662455	0.00349169691262154	0.00190012029332579	0.933095835880512	0.0190159675802621	0.0478881965392264	0.934076526176341	0.0326129149571	0.0333105588665594	0.86699714625112	0.0503166074138023	0.0117152329764806	0.0709710133585968	0.818012378328162	0.0347567369240979	0.00160125796013923	0.145629626787601
0.76549643729533	0.141083611629798	0.067255811306704	0.026164139768168	0.786881152767437	0.0824371028775034	0.0350002152169923	0.0956815291380675	0.229695305497997	0.766999507581133	6.38378092686291e-05	0.00324134911160187	0.937295176999377	0.0194188007860552	0.0432860222145681	0.914120418796878	0.0170673272697941	0.0688122539333283	0.838120072942577	0.0568837056265758	0.00917082384774879	0.0958253975830987	0.822300254036117	0.0333680561565244	0.00244611369876706	0.141885576108591
0.774845053437111	0.13080566674923	0.0566934304220813	0.037655849391578	0.774109012738943	0.0943277284119134	0.0393285670232342	0.0922346918259093	0.24729700640809	0.746559861533634	0.0014562658176806	0.00468686624059521	0.933866355243279	0.0233498726915813	0.04278377206514	0.967881241915778	0.0233933385061831	0.00872541957803879	0.849309367811584	0.0512109722309907	0.000839351936522574	0.0986403080209032	0.826394957349701	0.0394860411280152	0.0051554585833802	0.128963542938903
0.782142101933135	0.151374023762431	0.0479844564732567	0.0184994178311772	0.769636208590069	0.0968600901853742	0.0392118651462828	0.0942918360782738	0.249946295797808	0.742053201887285	0.00397257416753508	0.00402792814737217	0.954060452603746	0.0229840479431925	0.0229554994530617	0.981157611770629	0.00241507162251982	0.0164273166068516	0.843463328812481	0.0491678004960584	0.0155178283459822	0.0918510423454788	0.76510490484209	0.0319007228974207	0.000462103120300147	0.202532269140189
0.778550615603462	0.128069756720012	0.0659198151627059	0.0274598125138203	0.77471332845625	0.0904644525122081	0.0351675728267534	0.0996546462047887	0.250500830944005	0.745088836424286	0.00168027469456282	0.00273005793714623	0.942063889208107	0.025059706595479	0.0328764041964138	0.874037388247112	0.0236857115081137	0.102276900244774	0.854369194858133	0.0569714034429009	0.00750324765864586	0.0811561540403199	0.805759491765758	0.0404117078279102	0.0027132613120411	0.151115539094291
0.756775475494663	0.164022944534325	0.0651635308833116	0.0140380490877007	0.779482541024215	0.0857965784344578	0.0362266025602162	0.0984942779811113	0.286049652933087	0.710023709528087	0.00269776062869268	0.00122887691013286	0.932938399601927	0.023931178299146	0.0431304220989273	0.937999033270138	0.0147289015450417	0.0472720651848203	0.830408925292228	0.0528551030892678	0.00773368217302873	0.109002289445476	0.831984398840477	0.0362715721164373	0.00023250141725249	0.131511527625833
0.780498950061664	0.145009738579935	0.0476791195997822	0.026812191758619	0.786806723945614	0.0807102444857201	0.0285160851501363	0.10396694641853	0.249548598763467	0.742681508314856	0.00155172750314749	0.00621816541852994	0.933595504173942	0.0237458532536672	0.0426586425723912	0.936938081752922	0.0247787986389451	0.0382831196081334	0.852132501252901	0.0469851749462752	0.0381025660368392	0.0627797577639848	0.807553734101588	0.0347606764757422	0.00401631709598132	0.153669272326689
0.752422126628228	0.162535358931495	0.0550774929797491	0.0299650214605278	0.783588921567118	0.0932397988434791	0.0299438091116126	0.09322747047779	0.271579135953562	0.71991302161304	0.00367254480275553	0.0048352976306428	0.93088125830314	0.02054910810761	0.0485696335892501	0.917467862188282	0.0399820278062965	0.0425501100054213	0.867212680295575	0.047667493445522	0.0157378836375176	0.0693819426213854	0.815516685946077	0.0392735009192272	0.00292496479477761	0.142284848339919
0.753987851136482	0.148816092949029	0.0660293465373795	0.0311667093771104	0.792779988496349	0.0804379705579279	0.0280351857700658	0.0987468551756574	0.266176499118648	0.730566297838976	0.00175547892988266	0.00150172411249308	0.950809165304928	0.0158563823399055	0.0333344523551668	0.943452090576483	0.0170108767844351	0.0395370326390817	0.826526006235934	0.0550953490146795	0.0178057803350854	0.100572864414301	0.818851244158057	0.0397076596617062	0.00162906214461044	0.139812034035627
0.756493824300871	0.163475939932672	0.0630698846242452	0.0169603511422119	0.785165369685404	0.0880326153001337	0.0355590240098382	0.0912429910046239	0.262614799249387	0.731708348158694	0.00401627513580015	0.00166057745611906	0.952550618901415	0.0160502319953916	0.0313991491031934	0.902605293971382	0.0150001180127247	0.0823945880158935	0.861811228305618	0.0597907084661497	0.0107203477508398	0.0676777154773926	0.813269623037342	0.0362329552500251	0.00532155999239952	0.145175861720233
0.754889260272245	0.137535432117187	0.0721715216379585	0.0354037859726094	0.798390774728651	0.0830425474011222	0.0257110252278922	0.0928556526423342	0.262008786606259	0.727936649916838	0.00463350415464305	0.00542105932225968	0.958315608038884	0.0204002523102985	0.0212841396508173	0.928295796678102	0.0296374396900419	0.0420667636318559	0.846576561964745	0.0553564106099113	0.0170623966634295	0.0810046307619141	0.789897677711521	0.0270162314849158	0.00265644400594052	0.180429646797623
0.742607425013876	0.177162092262838	0.0516017462588328	0.0286287364644528	0.792612490303171	0.0816075307830492	0.0357864873290327	0.089993491584747	0.250462174233206	0.744226516580806	0.00323756998306441	0.00207373920292379	0.947890414921794	0.0157922858924219	0.036317299185784	0.935662035269469	0.0518542609448624	0.0124837037856682	0.840541302827763	0.0435918733008625	0.0176810579423356	0.0981857659290387	0.792946725878075	0.0321844926118365	0.00530021906360774	0.16956856244648
0.763486927758116	0.14410116919829	0.0723399839673015	0.0200719190762927	0.78934202023012	0.0784633302975183	0.0351740412638479	0.0970206082085136	0.260784334873261	0.738455758945181	0.000681829411755369	7.80767698022755e-05	0.947831463682877	0.0199973862081202	0.0321711501090028	0.950634242803406	0.0118780608119899	0.0374876963846039	0.833934693607649	0.0438595415084558	0.017031513341991	0.105174251541904	0.805081214394565	0.038989742955276	0.00169605941206063	0.154232983238098
0.764682391236437	0.143134690023167	0.0477492145256921	0.0444337042147039	0.788236868424297	0.0882824834317305	0.0314018219347509	0.0920788262092217	0.272537748882774	0.722793725512051	0.00230117597018417	0.00236734963499077	0.945515768504987	0.0181074231781095	0.0363768083169032	0.919133293080399	0.0324591249779957	0.0484075819416052	0.81709242333028	0.0510674291513831	0.00791525211644093	0.123924895401896	0.798435702227438	0.034413283096566	0.00246655190583979	0.164684462770156
0.765086243189018	0.168310543388507	0.048673359946973	0.017929853475502	0.777150050426484	0.0894307594107404	0.0316688287229602	0.101750361439816	0.228211003981595	0.766086922234914	0.0029987230216893	0.00270335076180203	0.942545857560645	0.01433839594402	0.0431157464953354	0.917264984053714	0.0420152892384727	0.0407197267078137	0.828012462837306	0.0577841497886743	0.00569935781861158	0.108504029555409	0.802243980591371	0.034820530018558	0.00706984250485605	0.155865646885215
0.743528271298097	0.156201620546713	0.061994639468939	0.0382754686862504	0.789986328301468	0.0756383895817421	0.0349034092410243	0.0994718728757662	0.263582787525746	0.735227861016368	0.0003686993891901	0.000820652068696419	0.933132465046931	0.0191942624352278	0.047673272517841	0.92366603818044	0.0419500436609173	0.0343839181586428	0.846780781733472	0.0488479309804591	0.0388724304888353	0.0654988567972334	0.78535037812624	0.0317465075554457	0.000249083218388723	0.182654031099925
0.768768099650927	0.145354028759603	0.0601458644967229	0.0257320070927461	0.796329259223681	0.0771158092007896	0.030076473953546	0.0964784576219833	0.271334794289587	0.724271926448193	0.002822726782082	0.00157055248013828	0.944852903817422	0.0224414131262208	0.0327056830563571	0.912103464883677	0.0381704627538047	0.0497260723625179	0.81246879704603	0.0509404878810092	0.0189265587124399	0.11766415636052	0.77308709847258	0.0336969984917366	0.002416676271669	0.190799226764014
0.741360166166366	0.138068978059811	0.0741167500565355	0.0464541057172879	0.77990884425074	0.0903518967264251	0.033527461507164	0.0962117975156714	0.255969628368593	0.738212379484556	0.000875352317102609	0.00494263982974804	0.943071039624764	0.0251516191784674	0.0317773411967683	0.925722886415585	0.0149371090814722	0.059340004502943	0.852602216656704	0.0406051951997504	0.003136664611368	0.103655923532178	0.816337031411155	0.0396093257153754	0.0026826769142483	0.141370965959221
0.768711957535185	0.14647276835243	0.0498838324984148	0.0349314416139705	0.789993863123911	0.0735099958237436	0.0347388309993736	0.101757310052972	0.241482553644424	0.757398879740236	0.00102170009621783	9.68665191226839e-05	0.929116588797979	0.0246784858422057	0.0462049253598151	0.908220914854526	0.0391047961535475	0.0526742889919261	0.82190644045485	0.0557688567019834	0.0171295639971342	0.105195138846032	0.811888366759008	0.0304601758992267	0.00321097913511576	0.15444047820665
0.761001783287767	0.161467175759488	0.0600521395133455	0.0174789014393997	0.792428131966878	0.0851458593132766	0.0367757609840132	0.0856502477358319	0.243093791780502	0.754753219673997	0.000868544735467751	0.00128444381003282	0.934682257470855	0.0227968324900554	0.0425209100390898	0.954954015667667	0.00881499687236189	0.036230987459971	0.838632720557863	0.0416172669664518	0.0232370367268911	0.0965129757487945	0.798113281413482	0.030071999790396	0.00344101278809435	0.168373706008027
0.780590178327752	0.144692813706975	0.050128501863808	0.024588506101464	0.783593695584718	0.0871710134097995	0.0317692534588096	0.0974660375466725	0.276972759181496	0.716632921945117	0.000963626786982663	0.00543069208640373	0.950673360858798	0.0186268667450092	0.0306997723961927	0.937059085145611	0.0117458110611676	0.0511951037932214	0.846225953320585	0.0511527554859427	0.00408676764354803	0.0985345235499245	0.811664694672844	0.0313025959812565	0.00192448447775293	0.155108224868147
0.774403426614085	0.145971693569652	0.0553874219373591	0.0242374578789046	0.789262122164433	0.0938906205369392	0.0297541225613144	0.0870931347373138	0.261859062009304	0.731119808723938	0.0016866405138661	0.0053344887528921	0.934547220401351	0.0244294601628321	0.0410233194358166	0.904473226588199	0.0358287141310905	0.0596980592807109	0.828464403863574	0.0530691580164759	0.0131635275041443	0.105302910615806	0.78929115839035	0.0312429888129687	0.00234861841034594	0.177117234386336
0.774569071413759	0.140292805303477	0.0710492224389614	0.0140889008438025	0.77967089626409	0.0851338193925447	0.0375857015581355	0.09760958278523	0.233305766629735	0.764728611607334	0.000804173718678012	0.00116144804425396	0.929857381314168	0.0233106011935479	0.0468320174922842	0.892206747939441	0.0428954870052625	0.0648977650552965	0.903057436761502	0.0532963225038686	0.00103514721799211	0.0426110935166372	0.795402996256774	0.0330160474222611	0.000636235555364337	0.1709447207656
0.761027457368859	0.154713596719168	0.0533897689111974	0.0308691770007752	0.80162106098623	0.0810250726961802	0.0285195161722224	0.0888343501453677	0.24504612814232	0.749199704604695	0.00449724391691306	0.00125692333607167	0.931527570795557	0.0153609943201118	0.053111434884331	0.925465353964813	0.0360407518450835	0.0384938941901039	0.831369411878644	0.0529210452783287	0.00495702096436023	0.110752521878667	0.797011849159141	0.046000280806583	0.00305955496623989	0.153928315068036
0.783898622862058	0.113428024512971	0.0640294484727296	0.0386439041522421	0.779217720609695	0.0909448691743216	0.0321667041572807	0.0976707060587031	0.231053485483507	0.767855750685082	0.000383260992842324	0.000707502838568419	0.94378840526817	0.0232825023435512	0.0329290923882788	0.961663433895854	0.00477692702278621	0.0335596390813603	0.809735520516342	0.0505262238499362	0.0290268117156363	0.110711443918086	0.773624224691165	0.0375132880374958	0.00106927922870658	0.187793208042633
0.801313948974147	0.121452022288647	0.0535842327155907	0.0236497960216157	0.782747920591068	0.0936865210254618	0.0318971761885039	0.0916683821949658	0.239663395962008	0.752131899493596	0.0060117926858201	0.00219291185857569	0.946591690683647	0.0199986137574382	0.0334096955589152	0.9084390683639	0.0180248763156145	0.0735360553204861	0.861074378386786	0.0523184529007748	0.0328943364504617	0.0537128322619777	0.81599910081094	0.0280657739114963	0.00111878849847317	0.15481633677909
0.780705924976191	0.148339688721587	0.0515338658812189	0.0194205204210028	0.786612068778134	0.0847526652718591	0.0327704717120887	0.0958647942379185	0.254405553381749	0.743678457071583	0.0018685046363981	4.74849102703178e-05	0.924368509417115	0.0193221417498232	0.0563093488330622	0.904743808548468	0.0516677868579809	0.0435884045935511	0.831141592919895	0.0551330908612124	0.0252601873348525	0.0884651288840403	0.811035905640826	0.0338237509597097	0.0019227295809916	0.153217613818473
0.759887025532679	0.159267071201077	0.0470518156333942	0.0337940876328494	0.782457549363746	0.0887839086989672	0.0309924655011308	0.0977660764361562	0.242410436235697	0.75662250707867	0.000245992612853801	0.000721064072779577	0.94804724007923	0.0185643606463242	0.0333883992744463	0.896905426808403	0.0596826226833465	0.0434119505082508	0.874047476096779	0.0544490052952175	0.000154172148648561	0.0713493464593555	0.794143547186236	0.0320875889235371	0.00324978291762916	0.170519080972598
0.764764385442665	0.148351400717784	0.0581604457327788	0.0287237681067718	0.78701293605365	0.0859043032225891	0.031471634295356	0.095611126428405	0.256892543343717	0.740617949859171	0.00157328779422781	0.000916219002883961	0.937730536085263	0.0224834483370715	0.0397860155776656	0.927778540041323	0.0197593658648395	0.0524620940938373	0.845916749650832	0.0549024198788406	0.0240038063086885	0.0751770241616384	0.779439353764984	0.0362200139051081	0.0036298406496387	0.180710791680269
0.760074059629994	0.169209291538157	0.048842943589056	0.0218737052427924	0.787353053323266	0.0860970358317193	0.0294410407080545	0.09710887013696	0.266989761432964	0.726466489255458	0.00430557625954063	0.00223817305203701	0.931017553621704	0.0203616635004932	0.0486207828778023	0.885413136462356	0.0389449175040231	0.0756419460336214	0.819651156555022	0.0477417822199441	0.0360259518286628	0.0965811093963715	0.812257317356873	0.0338912461725577	0.00129289232561034	0.152558544144959
0.786212215135292	0.134987913225649	0.0588319080584955	0.0199679635805635	0.772310051503275	0.0990805296572697	0.0339113143966344	0.0946981044428212	0.262706579159904	0.730572657029379	0.00292123975070816	0.00379952406000875	0.938968781052217	0.0201391394902296	0.0408920794575538	0.894063267873967	0.0544503268020691	0.0514864053239641	0.82197123158549	0.0396820829479652	0.0150151712288515	0.123331514237693	0.787696282332998	0.0382706108104557	0.000462683132678007	0.173570423723868
0.762811256578505	0.148458744874904	0.0490406029814386	0.0396893955651521	0.792147087739327	0.0747029714558318	0.0343923421989051	0.098757598605936	0.25509586800773	0.739807628490565	0.00341432205275171	0.00168218144895251	0.947443612789063	0.0197155921808789	0.0328407950300582	0.935819721723645	0.0324310826970848	0.0317491955792701	0.835794592257537	0.0483757822721973	0.0216156755935674	0.0942139498766981	0.816059626892004	0.0288170221517611	0.000296492099610276	0.154826858856625
0.724296913615445	0.18347294622772	0.061594533163744	0.0306356069930914	0.783073542250441	0.086496167793292	0.0312051702323376	0.0992251197239298	0.253040504250084	0.742825883361097	0.00307856300005383	0.00105504938876591	0.943662207767815	0.0185247202059893	0.0378130720261958	0.91148462123036	0.0192043664489008	0.0693110123207394	0.822335760334689	0.042655097348097	0.0173483794032968	0.117660762913917	0.802142083785718	0.0330558408560653	0.00263998051138	0.162162094846837
0.766058531056023	0.15796434048403	0.0512499325793629	0.0247271958805849	0.777715299301683	0.0931814920897883	0.0344653100332168	0.0946378985753121	0.265206017363473	0.731826555904699	0.00185689368806755	0.00111053304376045	0.931309329701733	0.0197582550281858	0.0489324152700814	0.955695039909761	0.0116104539033737	0.0326945061868649	0.836194743681059	0.0484136024614904	0.0111043488747757	0.104287304982675	0.783648081722091	0.0370701605571564	0.00559119683924493	0.173690560881508
0.717721134624227	0.182780221130464	0.0680667585742716	0.0314318856710378	0.769385912192665	0.103034935370093	0.0321696216072005	0.095409530830042	0.25528973859639	0.733786323994855	0.00637232775445733	0.00455160965429771	0.937066216324628	0.0238133974214636	0.0391203862539082	0.929137199537371	0.0228974782356737	0.0479653222269556	0.841430832489641	0.0493760766716267	0.0221037952980974	0.0870892955406347	0.790835130952156	0.0308159261108327	0.00339686009063795	0.174952082846374
0.754710699751202	0.171789719026774	0.0439692390130384	0.0295303422089865	0.786949388383739	0.0837743220837444	0.0333099530042147	0.0959663365283024	0.259904308995694	0.734166806981224	0.00333842387237011	0.00259046015071173	0.96237763540444	0.0158224256858197	0.0217999389097402	0.908941355812118	0.0297532391586583	0.0613054050292238	0.869527895858615	0.0471516769150638	0.0101669836569732	0.073153443569348	0.814820997269551	0.033523065808463	0.00289448620585671	0.148761450716129
0.778051837937126	0.13431771854808	0.0474212294576709	0.0402092140571236	0.788293724627999	0.0865591088524628	0.0287228681184459	0.0964242984010925	0.245943134896024	0.752107560308345	0.00056896850531983	0.00138033629031102	0.925737709032902	0.0245317963493839	0.0497304946177142	0.942864391349993	0.00782038432028425	0.0493152243297229	0.830195774370715	0.0480521296022359	0.0421644281483743	0.0795876678786743	0.769419331646389	0.0389002372804843	0.000175996073217136	0.19150443499991
0.737247230314494	0.172646150444589	0.060799169723984	0.0293074495169334	0.790395840524788	0.0869781305850234	0.032080299424673	0.0905457294655155	0.245271864804076	0.743435380761915	0.00336156537911211	0.00793118905489689	0.943515217159134	0.0178708221213166	0.0386139607195495	0.913320163664322	0.0368446263949771	0.049835209940701	0.845160783368333	0.0470723738894439	0.0308580710230618	0.0769087717191613	0.799116396893636	0.0391750198421892	0.00173220624940506	0.159976377014769
0.76403904914302	0.142601492424628	0.0628143578149125	0.0305451006174392	0.783448087070546	0.089063826793427	0.0322047008453355	0.0952833852906918	0.24755528670684	0.747240755831135	0.00382132974897186	0.00138262771305289	0.944986904383487	0.0251277246733174	0.0298853709431951	0.912159642293378	0.034345395334336	0.0534949623722856	0.867683679095759	0.04536731189622	0.00800483739677791	0.0789441716112431	0.807850462784143	0.0350506351888901	0.000435392755049899	0.156663509271917
0.751633482196189	0.1451006010159	0.0603180770399986	0.0429478397479125	0.783276877248021	0.0874447441343613	0.0329458735315254	0.0963325050860925	0.264377695104009	0.730474612065546	0.00336432080512615	0.00178337202531794	0.933502430366879	0.017083514682164	0.049414054950957	0.930693726033495	0.024252411456238	0.0450538625102672	0.854744526600387	0.0436475169757931	0.00304317973055337	0.0985647766932665	0.790732363784094	0.0322932434924038	0.00275521685859458	0.174219175864908
0.756232287596999	0.147963410729027	0.0646963630044994	0.0311079386694753	0.795263538163034	0.0887353719889295	0.0239654242090347	0.0920356656390014	0.254741017428281	0.740751576876359	0.00158406839247902	0.00292333730288154	0.943064908058336	0.0225288138382771	0.0344062781033872	0.88544839645093	0.0235276920637462	0.0910239114853238	0.834759040182792	0.0525269521938183	0.0126096035888856	0.100104404034504	0.809574742941284	0.0330332193072771	0.000449182109563459	0.156942855641875
0.756621011057818	0.169934555712537	0.0508244262308493	0.0226200069987956	0.792551135443043	0.0787534823682816	0.0306986037219637	0.0979967784667118	0.240680732082217	0.752123724979099	0.00509170669345387	0.00210383624523069	0.924661594769827	0.0221644546456975	0.0531739505844753	0.921629480760544	0.0284111953986981	0.0499593238407584	0.823262055015577	0.048903656350751	0.014666705792392	0.11316758284128	0.823766603127555	0.0371747352778448	0.00035961300754272	0.138699048587058
0.775530621623496	0.149450828718036	0.0598901000270559	0.0151284496314115	0.786243406328256	0.0900752367215802	0.0326548548275214	0.0910265021226422	0.262171014714281	0.734566228663372	0.0011500393896084	0.00211271723273946	0.934781977548131	0.0174385907885642	0.0477794316633052	0.887562687664681	0.0161181366577528	0.0963191756775659	0.842587221850662	0.0501717008849529	0.0377799123084778	0.0694611649559069	0.818406880648426	0.0404798832719178	0.000846808930108551	0.140266427149548
0.788741752536557	0.135299468658198	0.0491575750709456	0.0268012037342993	0.789251184692618	0.0790047004596786	0.0347760142172511	0.0969681006304521	0.284772590657616	0.706917866369384	0.00535161250552458	0.0029579304674755	0.940238083500076	0.0191204044251736	0.0406415120747503	0.896402808035907	0.0512681235750644	0.0523290683890285	0.843349470799773	0.0517321079278858	0.00860207210025882	0.096316349172082	0.764166158403052	0.0375995067559237	0.000279892205678128	0.197954442635346
0.788146515718151	0.104439344850305	0.0694493288201407	0.0379648106114035	0.779912875570189	0.0950757782738815	0.0321215601287455	0.0928897860271835	0.22987240804116	0.765467570934261	0.00465974989805501	2.71126524173624e-07	0.939169553385093	0.0213581324804921	0.0394723141344152	0.92349703202838	0.0248466719863391	0.0516562959852813	0.874786276316666	0.053373591875772	0.00374231831905834	0.0680978134885039	0.810739015356073	0.0369110074901819	0.00356863963964508	0.1487813375141
0.75099208740646	0.155139422721096	0.0564472753899851	0.037421214482459	0.782344721199489	0.0865820916868575	0.0348075632783291	0.0962656238353241	0.284872042894322	0.708010490841845	0.00468340245722443	0.00243406380660898	0.925633398458627	0.0259936180001033	0.0483729835412695	0.925988618321993	0.0212492124176044	0.0527621692604023	0.83193256121849	0.0548731035780223	0.0121772822930589	0.101017052910428	0.791890131399482	0.0325211592605283	0.0026837202536849	0.172904989086305
0.788181865853766	0.129385082815427	0.0510921969986844	0.0313408543321227	0.791793694491895	0.0828912015984463	0.0316674339638967	0.093647669945762	0.259970364966111	0.735983400233469	0.0036517922561104	0.000394442544309301	0.937860050548102	0.0156037937566626	0.0465361556952358	0.917089963075533	0.0261844625831199	0.056725574341347	0.831506924054553	0.0526600806445644	0.0177949298108417	0.0980380654900405	0.805090380934109	0.0340858630541021	0.00482639007076078	0.155997365941028
0.758012961100239	0.150287938301926	0.0623196890121223	0.0293794115857126	0.787651655833606	0.086291783110552	0.0372143034269921	0.0888422576288495	0.289700094222536	0.707472871525445	0.00229117826365255	0.000535855988366435	0.93870304387958	0.0218923662117929	0.0394045899086269	0.918657549351711	0.0219802355746629	0.0593622150736263	0.84677515146218	0.0541638349866602	0.00647921184707642	0.0925818017040832	0.790737012668014	0.0319085593570656	0.00365355469061808	0.173700873284302
0.772466202398226	0.14364647800538	0.0590794409540022	0.0248078786423917	0.787306636325022	0.0873421814904963	0.0314037915555544	0.093947390628927	0.254159688082087	0.739973568058069	0.00071701258871524	0.00514973127112829	0.937509211060684	0.0173819386640768	0.0451088502752391	0.923749006118917	0.0219870176359688	0.0542639762451139	0.853294826647828	0.04283209619997	0.0280673827956677	0.0758056943565346	0.792282459016511	0.0378034812075297	0.00386628220779386	0.166047777568165
0.761310623100927	0.133059363420346	0.077042237860008	0.0285877756187182	0.770926419615275	0.096895985734083	0.0295593599564914	0.102618234694151	0.239008823155362	0.754011716351973	0.00629180210500563	0.000687658387659383	0.938933710618257	0.0184356522983603	0.0426306370833827	0.924040394990987	0.0330066702846402	0.0429529347243729	0.843614535887668	0.0545554087701831	0.0192017813454532	0.0826282739966961	0.785866446283119	0.0400063504972629	0.000679887080298605	0.17344731613932
0.806626279939802	0.135773077196723	0.0459844058310783	0.0116162370323971	0.784145937125749	0.094095977274511	0.0265442606696784	0.0952138249300617	0.284207240375006	0.714022813350385	0.000326791115578121	0.00144315515903127	0.938950839236463	0.0208886083311662	0.0401605524323708	0.946502514180235	0.000449374000313826	0.0530481118194517	0.830777335888917	0.0503453096458515	0.0174323121515285	0.101445042313703	0.796469179173893	0.034058538621848	0.00135431032643259	0.168117971877827
0.761195273963191	0.157558602037197	0.0495380898410688	0.0317080341585423	0.785987034199489	0.0852584073287461	0.0316820456680735	0.0970725128036916	0.242626621834288	0.754689154680213	0.000531348324448597	0.00215287516105024	0.94258390591497	0.0189415500401122	0.0384745440449175	0.933591576186978	0.0155605952124426	0.0508478286005799	0.838123280047867	0.0537409290033791	0.000586930495245187	0.107548860453509	0.811025006734858	0.0279998855717711	0.00221502284027988	0.158760084853091
0.753147392458851	0.155576617212874	0.0576698691729891	0.033606121155286	0.787922960277612	0.0922309133733123	0.0317733247458152	0.0880728016032608	0.275063088678711	0.717347338574093	0.0036098186259651	0.00397975412123114	0.941401707060454	0.0208544572916688	0.0377438356478768	0.91923265622596	0.0276515748667619	0.0531157689072785	0.86030882491559	0.049628780748019	0.00564063709609476	0.0844217572402963	0.799405250090621	0.0391562385537803	0.00200510983864211	0.159433401516957
0.785874989305624	0.130833739549483	0.0608479515234761	0.0224433196214176	0.784768886370641	0.0785783318679433	0.0389136638780194	0.0977391178833958	0.243345618541852	0.752786006459975	0.0025884170880113	0.00127995791016181	0.944975829703649	0.0194010231347364	0.0356231471616148	0.955193689489341	0.0263059506025429	0.0185003599081164	0.862537611189187	0.0518421493975471	0.0174201510808522	0.0682000883324139	0.791075554815852	0.034434613508535	0.00296345110514564	0.171526380570467
0.725017458146573	0.178724650739754	0.0575561292657071	0.0387017618479663	0.802861721733022	0.0820330116636155	0.0277763119528616	0.0873289546505009	0.247516693448566	0.751593958989496	0.000595642091247079	0.000293705470691191	0.939322641614321	0.0267339376466566	0.0339434207390227	0.957491792845134	0.0150751154499775	0.0274330917048883	0.840894262092698	0.0479098722722928	0.0150200669240832	0.0961757987109262	0.835986690487698	0.0304134544301613	0.00118489244935055	0.13241496263279
0.781562585335386	0.128268116099938	0.0534934006851342	0.0366758978795422	0.786408822640764	0.0868888778699538	0.0357855750945675	0.0909167243947147	0.255185141298553	0.735520740993271	0.00324755320548697	0.00604656450268875	0.935874264894604	0.0223906148678746	0.0417351202375218	0.914037390927168	0.0480078440794562	0.0379547649933759	0.835990581786376	0.0382792317334019	0.0160726852948878	0.109657501185334	0.796832963830429	0.0352447571427828	0.00135807510515579	0.166564203921632
0.759256112244081	0.139912732786643	0.0590002570423347	0.0418308979269419	0.77986629185378	0.0923920313919149	0.0379242264119294	0.0898174503423755	0.259055061019828	0.733735350659585	0.00413383729575738	0.00307575102483003	0.952208124780749	0.0146757746997572	0.0331161005194941	0.876650627181246	0.0452076384844255	0.0781417343343282	0.828247533190691	0.0594425061060073	0.00111049960582765	0.111199461097474	0.808321590797486	0.044507524655143	0.00489591130825208	0.142274973239119
0.786680457329775	0.124898070148076	0.0594922139929094	0.0289292585292392	0.773574275798105	0.0966709129349129	0.0325078122144137	0.0972469990525685	0.258172658404034	0.737123909013969	0.00101371917629843	0.00368971340569842	0.935370262250223	0.0150987612490499	0.0495309765007274	0.937962920564574	0.0104552130791631	0.0515818663562628	0.864078518540552	0.0438588256806758	0.00113425610639248	0.09092839967238	0.765525796489322	0.0433040154406065	0.00584651659995533	0.185323671470116
0.765391156603617	0.150412116465736	0.0593268998054727	0.0248698271251742	0.780749951093318	0.088092833216847	0.0336961673083148	0.0974610483815205	0.264258824379999	0.727005627076358	0.00596500230655055	0.0027705462370919	0.936379401467808	0.0163035924636288	0.0473170060685629	0.908916759850493	0.016116283637194	0.0749669565123132	0.824466886240781	0.0504980040724769	0.020528765330053	0.104506344356689	0.780917160249903	0.037397806035855	0.00208431712834052	0.179600716585901
0.743464307717543	0.170969838541304	0.0506974663090953	0.0348683874320578	0.784088987065481	0.0897549547742508	0.0316590635538442	0.0944969946064241	0.256707316752016	0.736001168228641	0.00469098668984043	0.00260052832950224	0.933184303000814	0.0208305475471172	0.0459851494520689	0.95516936494517	0.0170903378116925	0.0277402972431373	0.818189575534155	0.045885380656501	0.0216452150676325	0.114279828741712	0.799610629380511	0.0335693864435124	0.00240918795864794	0.164410796217329
0.769131044565617	0.153960422478618	0.0496870084888244	0.0272215244669404	0.784003726718332	0.0781323507669928	0.0304804500568266	0.107383472457849	0.269720369287689	0.727456355649592	0.000518817589325733	0.00230445747339312	0.930078621146021	0.021676757011885	0.0482446218420942	0.945044361032094	0.012599527993482	0.0423561109744242	0.827027911327986	0.0473330919360695	0.0158693301702746	0.10976966656567	0.818336742118835	0.0250220408608343	0.00138028408532045	0.155260932935011
0.74073877622095	0.176586043506235	0.0596535797393325	0.0230216005334822	0.778511106049789	0.0944025148209937	0.0315320435545278	0.0955543355746897	0.248480159009703	0.745277717051945	0.00153441906616161	0.0047077048721902	0.935821768436296	0.0190081859462212	0.0451700456174828	0.925883926678164	0.049586928652161	0.0245291446696748	0.861462199513575	0.0543076942863926	0.000338756152247605	0.0838913500477847	0.766158056442084	0.0395184989195244	0.00077080325763345	0.193552641380758
0.758393259165438	0.162329566275235	0.0551490655237001	0.024128109035627	0.771819071390352	0.0932716518526283	0.0358885732327773	0.0990207035242429	0.269709716283349	0.727995985332964	0.002039639112783	0.000254659270904899	0.946439391293921	0.0211173096676208	0.0324432990384582	0.921549754540995	0.019477347480364	0.0589728979786411	0.864335054842902	0.0499119107083561	0.00184143763101073	0.0839115968177311	0.814871625098556	0.0392162587079085	0.00310956683764933	0.142802549355886
0.77324493734815	0.128591669309587	0.0666976717271725	0.0314657216150905	0.800623503349776	0.0795676411602987	0.030827689892381	0.0889811655975442	0.264589157469024	0.731555347970286	0.00333721392303625	0.000518280637652994	0.952700860505529	0.0150443799919447	0.0322547595025261	0.903559366805729	0.0382882115396613	0.0581524216546098	0.839714203420438	0.0519417668136706	0.0222258759695301	0.0861181537963611	0.806711061407381	0.0306832335410182	0.000952105453694245	0.161653599597906
0.771045612215803	0.163425645048075	0.058939365158317	0.00658937757780514	0.779721861985162	0.0910972836659128	0.0311129423738694	0.0980679119750556	0.265231802030279	0.729422849803309	0.00067170471097344	0.00467364345543853	0.941527818426479	0.0188493017395934	0.039622879833928	0.924118579782973	0.0135853055093286	0.0622961147076984	0.862087307295795	0.0544893968259255	0.0115217205195022	0.071901575358777	0.795271156504791	0.0365169705322746	0.00242332600982755	0.165788546953107
0.756715857913355	0.148103317382637	0.0636898398368495	0.0314909848671584	0.775898584326075	0.0901043084167696	0.038154448831238	0.0958426584259176	0.271623338803158	0.723860481104488	0.00363083065810494	0.000885349434250052	0.937867694262633	0.0227387884259918	0.0393935173113753	0.960317697459286	0.0178980565332397	0.021784246007474	0.863313303950125	0.0469260058371323	0.0127657845488327	0.0769949056639098	0.797880582181943	0.0323009987367511	0.000789780793206554	0.169028638288099
0.769054848144163	0.124411384997769	0.0629867982675599	0.0435469685905081	0.777216556336889	0.0884646317293813	0.0336525698094631	0.100666242124266	0.24317739754368	0.752513610711518	0.000191476603844176	0.00411751514095756	0.936741688293634	0.0197184047441948	0.043539906962171	0.916353122782996	0.04495826377882	0.0386886134381842	0.813233336394861	0.0504104149977677	0.0364707244342951	0.0998855241730763	0.822711052270208	0.043538684356791	0.00164073784735312	0.132109525525647
0.732038996691679	0.171433121381708	0.0665606854472915	0.0299671964793221	0.807844100232579	0.0679107382302406	0.0297235372367959	0.0945216243003839	0.269983802862178	0.727693256110597	0.00127952832661916	0.00104341270060516	0.945021646317699	0.0198021003292585	0.0351762533530428	0.902613560577715	0.0353706716483639	0.0620157677739208	0.830283234222226	0.0573708526322817	0.0074647808960896	0.104881132249403	0.789861885353999	0.0396490027000149	0.00151662288254123	0.168972489063445
0.74114148529319	0.168769579156275	0.0629484218101588	0.027140513740376	0.786720104361413	0.0860060754177726	0.0325316180495867	0.0947422021712279	0.240207756529783	0.755766830684803	0.00275878769750735	0.0012666250879072	0.942711451135886	0.0162255253162401	0.0410630235478741	0.917951187159315	0.00222930600170597	0.0798195068389793	0.816374771242246	0.0512975414302639	0.00483488356826957	0.12749280375922	0.797038367422618	0.0406798040988213	0.00343160412413917	0.158850224354422
0.764719021336379	0.141522595698324	0.058504558211311	0.0352538247539858	0.78264944154214	0.0843756085935169	0.0316606484289917	0.101314301435351	0.244887062332622	0.752353644901281	0.00127052145933835	0.00148877130675867	0.946631510850436	0.024073383083982	0.0292951060655816	0.957803392907026	0.00216829861665398	0.0400283084763203	0.819517598165822	0.0505515035265177	0.00770848390978426	0.122222414397876	0.805269179761154	0.0348506769434984	0.000305582378443522	0.159574560916904
0.770030136795051	0.154375907115853	0.056353206052082	0.0192407500370136	0.786614430148868	0.0822492197962615	0.032607722320438	0.0985286277344325	0.259510367435476	0.735557572394347	0.0047037095987539	0.000228350571423384	0.935698986293223	0.0240422405504875	0.0402587731562892	0.898791533060465	0.0130449519531707	0.0881635149863645	0.866720373920839	0.0490898145557613	0.0121564893615697	0.0720333221618302	0.825597712493804	0.0237148668389242	0.000736306987131987	0.14995111368014
0.766279250880173	0.136619051678041	0.066971421742406	0.0301302756993803	0.790644348919479	0.0838051591686728	0.0328313034598336	0.0927191884520142	0.253519850147275	0.738811519709464	0.00438331518250727	0.00328531496075386	0.941726618752191	0.0209382185332756	0.0373351627145331	0.916109723589699	0.0193438174355842	0.0645464589747166	0.87019315131592	0.0440017225622264	0.00189650649145172	0.0839086196304018	0.778881708831293	0.0319997774832297	0.00305095029592748	0.18606756338955
0.753853285171883	0.151118160323286	0.0620142077400099	0.0330143467648209	0.780133298233392	0.0923025715118345	0.0316229181754624	0.0959412120793112	0.251999039841586	0.746473196291423	7.80606738415854e-05	0.00144970319314981	0.946036382614156	0.0197678672152689	0.0341957501705747	0.933402458798688	0.0394340886021464	0.0271634525991656	0.852117830772334	0.0452162962340948	0.00338853197428776	0.0992773410192833	0.812355661169408	0.0381497005628824	0.00269845073749092	0.146796187530218
0.757857554023075	0.148096639462404	0.0555668407787847	0.0384789657357367	0.778432911901463	0.0937525120519369	0.0321957576819618	0.0956188183646386	0.253461247523269	0.732600178233551	0.00488633537690838	0.00905223886627221	0.926802955994673	0.0165665022313785	0.0566305417739488	0.877515291820614	0.0379869256554984	0.0844977825238879	0.852254194668385	0.0575434946972366	0.000692520609199454	0.0895097900251786	0.777488300391406	0.0445992969301275	0.00445200323455671	0.17346039944391
0.75539954315556	0.156870061637306	0.063619803719968	0.0241105914871658	0.786031315161335	0.0902007916269634	0.0307235894190275	0.0930443037926746	0.280920205071101	0.714972548799283	0.00326661620023014	0.000840629929386167	0.950312138505746	0.0177950121261578	0.0318928493680961	0.920007135438165	0.00996239143885839	0.0700304731229766	0.893693753553906	0.0481827877909104	0.0087779237243366	0.0493455349308474	0.800441047200634	0.0455444751115446	0.00353136762817993	0.150483110059642
0.759944493646776	0.162600733936037	0.0473076038996616	0.0301471685175254	0.786991132559154	0.0902547815722857	0.0300976065019414	0.0926564793666192	0.265348123321297	0.73193724592144	0.00173993640423731	0.000974694353025332	0.938189528967016	0.0228858670141949	0.038924604018789	0.910623667904572	0.0093092032553664	0.0800671288400613	0.825287182728478	0.0481649830782672	0.0203638834376659	0.106183950755589	0.784381409804726	0.0357201968275142	0.0089598367220668	0.170938556645693
0.782814004770444	0.125264534407982	0.0621225645587593	0.029798896262815	0.786095964371223	0.0811063686445502	0.0316807962953279	0.101116870688899	0.265473562147865	0.72890639627013	0.00525015700451974	0.000369884577484555	0.942342587154995	0.0255367569514289	0.0321206558935765	0.953004172527084	0.0212838145535419	0.0257120129193736	0.836900987943692	0.0493534635736485	0.00907624132837346	0.104669307154286	0.8092073661598	0.0444938193991839	0.00127444269428026	0.145024371746736
0.738144528927148	0.159018686073929	0.0549826522510259	0.0478541327478975	0.782088206336153	0.0840708167261119	0.0304486773289595	0.103392299608775	0.249715611391882	0.748261616631217	0.000915220590633099	0.00110755138626737	0.921013862335338	0.0286364392809698	0.0503496983836925	0.940124742876539	0.0340879193948684	0.0257873377285927	0.842989616429583	0.0552051907826437	0.0138059604181086	0.0879992323696649	0.783355166466359	0.0375775465306153	0.00842224054180623	0.170645046461219
0.751081264816117	0.155608851508239	0.0595633274686337	0.0337465562070104	0.779715100823593	0.086901394010823	0.0376704912905732	0.0957130138750108	0.258746461294927	0.735134416153673	0.0045840885328412	0.00153503401855891	0.941094089703553	0.0203150169009293	0.0385908933955179	0.922940265188557	0.038097146433085	0.0389625883783582	0.853429653264369	0.0562756507394503	0.00843304397995197	0.0818616520162289	0.804467965448008	0.0364254325043784	0.00373304350585667	0.155373558541757
0.770132424841726	0.144856072650213	0.0653971050482206	0.0196143974598404	0.782444210686372	0.091539259521047	0.0304040716844197	0.0956124581081615	0.248694892302243	0.740883841089886	0.00302709223775892	0.00739417437011185	0.948455529523678	0.0207468356365911	0.0307976348397312	0.881820286210548	0.0143746726501116	0.10380504113934	0.835110333921696	0.054586443380552	0.0196621156629514	0.0906411070348002	0.804815466599741	0.0455031130434969	0.00288281535773608	0.146798604999027
0.743585092424225	0.169132220666179	0.0580409677894793	0.0292417191201169	0.792608315683895	0.0823937920949613	0.0308820384341233	0.0941158537870203	0.256800500798532	0.736255096022001	0.00170941403752563	0.00523498914194174	0.941127859827506	0.0215175444134025	0.037354595759091	0.904272337474242	0.0236276212197638	0.0721000413059944	0.868716247799113	0.0519494786589458	0.00732916800349869	0.0720051055384428	0.811308816487111	0.0447089382045475	0.000403756393325953	0.143578488915016
0.736279150129397	0.174470637430024	0.0599420256647336	0.0293081867758455	0.78590730673285	0.0849852858809951	0.0326958825160952	0.0964115248700597	0.239405748686762	0.753801188841179	0.00210096195000743	0.0046921005220514	0.940363681493418	0.0163982743477281	0.0432380441588543	0.916394620621128	0.0260913157564358	0.057514063622436	0.853589601664284	0.0503948540527504	0.0251108444632267	0.0709046998197389	0.794316302130912	0.0406770553214227	0.000427667032232779	0.164578975515432
0.76300790209777	0.151587191001056	0.0657487655868676	0.0196561413143068	0.779542105847317	0.0886953828147904	0.0365132869628192	0.0952492243750735	0.253589649590244	0.743970450835747	0.00206933633168406	0.000370563242324532	0.934305851496531	0.0251870283192137	0.040507120184255	0.928315631882346	0.0332675474043017	0.0384168207133521	0.851925041891637	0.044590768813603	0.0249349868978383	0.0785492023969218	0.812115406011674	0.0396062677201411	0.00107192838333447	0.147206397884851
0.772634243013807	0.137355513629191	0.0530198865157439	0.0369903568412587	0.79410619566598	0.0801226408971675	0.0303382496184079	0.0954329138184449	0.270025432597978	0.727522343872192	0.00101609948875711	0.00143612404107303	0.936253357310285	0.0239422793930184	0.039804363296697	0.93066072540471	0.0328767567935411	0.036462517801749	0.888268108915599	0.0470003373119032	0.00540099973018394	0.0593305540423142	0.785399748561034	0.0357129641338639	0.00423823322595523	0.174649054079147
0.757875530438107	0.151146602936617	0.0612152050798793	0.0297626615453969	0.77981578283225	0.0913986949968961	0.0340583889126845	0.0947271332581689	0.259699982495084	0.73527961782445	0.00123615404554459	0.00378424563492124	0.921099384766744	0.0181260472790267	0.0607745679542295	0.908945866051159	0.0131617330422754	0.0778924009065658	0.835147022974093	0.045838703658049	0.00806320456775077	0.110951068800107	0.796440175047651	0.0306617759107716	0.00296817365420911	0.169929875387368
0.748613505414266	0.160609362063974	0.0524190564189637	0.0383580761027964	0.788807615686902	0.0814219177391329	0.0313611857100807	0.098409280863884	0.266787117019944	0.724880789815013	0.00250817627937259	0.0058239168856698	0.947528719772832	0.0148283903215442	0.0376428899056239	0.896059487592143	0.0509100216121791	0.0530304907956782	0.860870266208845	0.0470195167791292	0.00790512736023839	0.084205089651787	0.809486897347205	0.0378253786423409	0.00137890051969826	0.151308823490756
