0.726585920205707	0.130151500526105	0.0736092238792919	0.0696533553888963	0.776259091124703	0.0842496071681556	0.0364007016284307	0.103090600078711	0.248134776798776	0.746350157845609	0.00324541301554245	0.00226965234007248	0.919825772951474	0.0292172761684633	0.0509569508800626	0.928071806317081	0.025218024033655	0.0467101696492639	0.863349563129096	0.0701641945764274	0.00535379854069915	0.0611324437537772	0.850007250980816	0.05025375510778	0.00539857108108772	0.0943404228303161
0.75340722216598	0.0975616039314096	0.0599574559826889	0.0890737179199218	0.769714372670184	0.0979992017810262	0.0445516644510639	0.0877347610977255	0.30590720031196	0.68930616816526	0.000866323519179544	0.00392030800360037	0.927176494605271	0.0202418615831855	0.0525816438115439	0.945350833052528	0.0233782955142388	0.0312708714332335	0.864546334914479	0.0631585970561713	0.0167696951491568	0.0555253728801928	0.884085496343386	0.0395315359530667	0.0034118390788512	0.0729711286246962
0.779482133387637	0.114161079183404	0.0470632584128882	0.0592935290160702	0.779108806039504	0.0911861486855107	0.0329370193975083	0.0967680258774768	0.324973396925764	0.666247471661875	0.00286700464132353	0.00591212677103733	0.911981032464094	0.0264150919003337	0.0616038756355724	0.922685504234837	0.0254164269827058	0.0518980687824572	0.849174310716728	0.0634851439844998	0.0324654397041414	0.0548751055946309	0.914858867042608	0.0361052285308257	0.00167670860860436	0.0473591958179624
0.749739271756614	0.104814641912802	0.0732323995261272	0.0722136868044562	0.782198467100719	0.0798592380117281	0.0327481090676038	0.105194185819949	0.349758610983	0.64192466111639	0.00510105419705512	0.0032156737035549	0.904733381808945	0.0385428052495494	0.0567238129415058	0.933167166085193	0.0282165587292177	0.0386162751855892	0.871760845870245	0.0728736614721572	0.00086497720026543	0.054500515457332	0.861554797191312	0.0399577453348828	0.000234736103428272	0.0982527213703772
0.809108141252152	0.0811172319201953	0.0467196372890795	0.0630549895385726	0.819267346740712	0.084693564892746	0.0304651476653132	0.0655739407012289	0.282924097455157	0.708714096173542	0.0041990065053282	0.00416279986597358	0.914466305747673	0.0258167818563982	0.0597169123959288	0.92215778693416	0.0308204390140667	0.0470217740517737	0.856286266691924	0.059572481496561	0.0230792781687923	0.0610619736427224	0.894616937393787	0.0391730509489977	0.00220997107560944	0.0640000405816062
0.725111706601213	0.156117206344814	0.0538722300357712	0.0648988570182013	0.797995664744274	0.0686625148917365	0.0332575245895441	0.100084295774446	0.281696338133039	0.710777023334695	0.00231292560544903	0.00521371292681678	0.939179499246947	0.0134590761737884	0.0473614245792642	0.929396758329268	0.0309616549834849	0.0396415866872471	0.848735995979716	0.0667342963963479	0.0230855109268016	0.0614441966971345	0.855447415938146	0.0429938759145476	0.00313059887946971	0.0984281092678364
0.840655843152616	0.0753811246065169	0.0449688386272965	0.0389941936135704	0.807089651814693	0.0850384669221664	0.0328386341805074	0.0750332470826337	0.301626159023064	0.697754050122732	0.000276245449605618	0.000343545404597645	0.93191666391304	0.023828272316612	0.0442550637703476	0.929762496932145	0.0315008133984069	0.0387366896694478	0.831665554873208	0.0656735584571103	0.0474299972150984	0.0552308894545831	0.857239896058918	0.0334431075567813	0.000316316022010346	0.10900068036229
0.743303780693443	0.12951074832321	0.0549102232004934	0.0722752477828527	0.762556279800401	0.0929443602588424	0.0349432596709567	0.1095561002698	0.30226678153563	0.693927170700533	0.000282235004801784	0.00352381275903591	0.917469832289419	0.0283698911270052	0.0541602765835762	0.930234131663527	0.0291481869132245	0.0406176814232485	0.828582348834221	0.0631479421772538	0.0541363586983862	0.0541333502901389	0.847549594449956	0.0350417963073635	0.00321053903765813	0.114198070205022
0.789262458693252	0.0883233690715453	0.053906892561437	0.0685072796737661	0.779775584752523	0.0862916899792751	0.0347280668742762	0.0992046583939256	0.315500445923085	0.679891218128215	0.000352376471691875	0.00425595947700787	0.9241692592309	0.030943966235252	0.0448867745338483	0.921942841600397	0.0316389096484602	0.0464182487511431	0.876024071174101	0.0672612440541738	0.00198040714240418	0.0547342776293213	0.905433590079362	0.0379674844730063	0.00461543091194213	0.0519834945356894
0.755269606202833	0.140071999778042	0.0446228694176185	0.0600355246015057	0.793282482257523	0.0939702135900193	0.0258670570327437	0.0868802471197139	0.327742677959092	0.668388364948208	0.00188236659321617	0.00198659049948353	0.897934265386329	0.037008247504834	0.0650574871088371	0.925128205551439	0.0350723471787607	0.0397994472698005	0.866386587503467	0.062525904171809	0.0100622920263885	0.0610252162983351	0.868344839130526	0.0392129845993156	0.00423658608302636	0.0882055901871318
0.789221016764592	0.0977999898469175	0.0535622867893914	0.0594167065990986	0.784256928912314	0.0967179572188824	0.0383672045537329	0.0806579093150707	0.281531269895438	0.715563359429117	0.00240091854693493	0.000504452128509993	0.946145336162692	0.00212741633662999	0.0517272475006779	0.932994803418371	0.0241326958575728	0.042872500724056	0.818165141410053	0.0596146425440139	0.0589449425139644	0.0632752735319686	0.875123591700476	0.0420974885828524	0.0050140505199582	0.0777648691967138
0.775292715436193	0.139441541209535	0.0512768723024506	0.0339888710518218	0.779099460904071	0.0988570190972048	0.0368598477972644	0.0851836722014598	0.307399573432948	0.682591711501043	0.0025138976239005	0.00749481744210836	0.925728458862889	0.0201918802726297	0.0540796608644811	0.9314208143233	0.0347295255090304	0.0338496601676696	0.865738883797757	0.0710363001014355	0.00469937382364996	0.0585254422771572	0.87280906522591	0.0429486887913024	0.000551025020263817	0.0836912209625239
0.765775976297423	0.120793309385261	0.0536866603895794	0.059744053927737	0.794508456819205	0.0856695026230921	0.0292188993874094	0.0906031411702935	0.321121752015965	0.674174998255794	0.00290610607715258	0.00179714365108795	0.926440154698438	0.0265830786420794	0.046976766659483	0.922093231050613	0.0315544408198603	0.0463523281295266	0.862987663941851	0.0713306208939732	0.00915238148989203	0.0565293336742839	0.8671602603942	0.0482825024178297	0.00299821687544554	0.081559020312525
0.758510160017027	0.139565765894197	0.0502656584796216	0.0516584156091545	0.82826738057514	0.0699991512711459	0.0348375256181778	0.0668959425355359	0.272803010888913	0.721405797066207	0.000955317736551817	0.00483587430832783	0.931085645533257	0.022487506206713	0.0464268482600305	0.937127302180011	0.0300814559302884	0.0327912418897009	0.837705544305923	0.0645990593239199	0.0360970719678716	0.0615983244022858	0.851968983726185	0.0346557163718188	0.00482081267991091	0.108554487222085
0.798902256993149	0.083470702733361	0.0542094383003265	0.0634176019731631	0.783258432635595	0.0817159644856731	0.0324007516293079	0.102624851249424	0.28370919003993	0.712481568051965	0.000789944666438139	0.00301929724166669	0.912865476829192	0.0318576218760933	0.0552769012947146	0.930708301177779	0.0226648915944928	0.046626807227728	0.864558054426537	0.0672060617052481	0.0156768836510677	0.0525590002171468	0.873212388838933	0.0312740609159438	0.0014811351613206	0.0940324150838024
0.774788895365837	0.103789364417619	0.0680121525145031	0.0534095877020407	0.77667153197143	0.0907124469383752	0.0281270729418445	0.104488948148351	0.276590820845801	0.720625641904723	0.00152089101157812	0.00126264623789739	0.923257371354621	0.0285186737156445	0.0482239549297347	0.927724107475928	0.0295958590615107	0.0426800334625614	0.81779678734773	0.0588183531556847	0.0675156198690633	0.0558692396275218	0.846534572806302	0.029457838639334	0.000581991073718058	0.123425597480646
0.770983374866117	0.125588909701481	0.0500360476029648	0.0533916678294375	0.798676571913365	0.07772235345589	0.030949210912953	0.0926518637177915	0.292373843044263	0.69866902267876	0.00301046835072191	0.00594666592625484	0.933770753092458	0.0205600174452305	0.0456692294623114	0.932383809310879	0.0210973074085193	0.0465188832806018	0.862080795448617	0.0614906533600642	0.0249092715353477	0.0515192796559713	0.870177514950517	0.0372552748641953	0.00229757152041854	0.0902696386648694
0.788329943343156	0.109642541207253	0.0317574183456005	0.0702700971039908	0.749767963058186	0.0942296367975868	0.0277034455175525	0.128298954626675	0.292332123168861	0.704758641441477	0.00201914396330966	0.000890091426352085	0.901887842431645	0.0299419481521294	0.0681702094162255	0.935436132786986	0.0297997928859049	0.0347640743271086	0.847052978859676	0.0634348178343273	0.0356562439798133	0.0538559593261838	0.888796167298399	0.041184156013575	0.00308045840746114	0.0669392182805646
0.746590505874435	0.128871889296096	0.0603829382455502	0.0641546665839186	0.786420028688088	0.098461660166413	0.0373650162417654	0.0777532949037337	0.318362632771266	0.680498718082669	0.00111461658129756	2.40325647678524e-05	0.92805796314528	0.023884956302294	0.0480570805524263	0.926710158602994	0.0250457678164547	0.0482440735805516	0.858278510604707	0.0628488374169636	0.0225389297962406	0.056333722182089	0.886482224843208	0.0359627261840495	0.00826784759899311	0.0692872013737495
0.812693736154968	0.0638562489452579	0.0438300138832063	0.0796200010165674	0.790241776084419	0.0758774941060706	0.0414750330414652	0.0924056967680452	0.268456287097276	0.720867524391699	0.00549932962908617	0.00517685888193934	0.928065584887981	0.0239084626810885	0.0480259524309307	0.934284442240059	0.030081065512372	0.0356344922475692	0.839160200263959	0.0632055161530978	0.0482285236966301	0.0494057598863136	0.8775037203101	0.034846396000519	0.000985341438196356	0.0866645422511845
0.77483032054781	0.0921360846923626	0.0387024341630766	0.0943311605967511	0.767667533667867	0.0782721550818599	0.0412667099665318	0.112793601283742	0.300676776959567	0.689865090591281	0.00391264343829289	0.00554548901085909	0.933879862863297	0.0115192627163609	0.054600874420342	0.943438765283362	0.0277719138121939	0.0287893209044439	0.833259674941021	0.0700396707377628	0.0458193940117748	0.0508812603094412	0.865835258390994	0.0349065192432729	0.00245769488681254	0.0968005274789206
0.721404947751483	0.140743276782749	0.0584555235970728	0.0793962518686953	0.757075313171077	0.0688616455408087	0.036272987472895	0.137790053815219	0.275705330938895	0.716201202013392	0.00587525563542015	0.00221821141229379	0.924404529845441	0.0313189414417456	0.0442765287128134	0.935262607632007	0.0223053430249407	0.0424320493430525	0.868458399873299	0.0653192872115076	0.00156785562263696	0.0646544572925566	0.866427277128883	0.0363518424332338	0.000690957779838261	0.0965299226580444
0.760887399734661	0.137236741426896	0.0360761791906949	0.0657996796477484	0.783423376708144	0.0999412320749191	0.0342863297088278	0.0823490615081088	0.206132983264509	0.78913148037531	0.00225848196246433	0.00247705439771661	0.917858129403946	0.0288748197194371	0.0532670508766172	0.922976103740939	0.0277194656889247	0.0493044305701364	0.811053161771371	0.0653060815480105	0.0662359930038478	0.0574047636767706	0.927893834806661	0.0294578873078709	0.00207068069917151	0.0405775971862961
0.732733514438703	0.162460443255677	0.0394610877080585	0.0653449545975607	0.778117402572851	0.0948237415584435	0.0386056993238707	0.0884531565448346	0.26682217191965	0.726418372805156	0.00339110718361497	0.00336834809157864	0.919864740500625	0.0244454484429373	0.0556898110564379	0.930061123090301	0.0307112347252022	0.0392276421844971	0.847748515969235	0.0727625177251184	0.0244821176113013	0.0550068486943457	0.877305368886661	0.0376052287351995	0.000455636608556024	0.0846337657695834
0.755479991379234	0.108882738405828	0.061891857134801	0.0737454130801369	0.78140737745982	0.0923841911992572	0.0294043145939713	0.0968041167469513	0.284367986353491	0.708210217895463	0.00258598219425304	0.00483581355679279	0.911123329211796	0.028339104117973	0.060537566670231	0.933201487951956	0.0258411466516539	0.0409573653963898	0.865603178404065	0.0644129452330981	0.0135877382130916	0.0563961381497453	0.862071546630824	0.0374210878857818	5.75755135626578e-05	0.100449789969832
0.786544202288282	0.113308186839826	0.0313274311861227	0.0688201796857692	0.79056065957742	0.0807110090793448	0.0399561439285335	0.0887721874147015	0.246806938895792	0.748348548327811	0.0041335937134905	0.000710919062906137	0.931351938724336	0.021017714386865	0.0476303468887985	0.936241650394368	0.0300932498450772	0.0336650997605544	0.868979296778317	0.0595782431256024	0.0139527319155738	0.057489728180507	0.83403592928605	0.0394051792255531	0.00339428316241288	0.123164608325984
0.761644903437211	0.133688127647694	0.0446566609879373	0.0600103079271581	0.783993800538481	0.0780065205279185	0.0388431856459783	0.0991564932876227	0.306551986140197	0.69042277704529	0.00184976753300162	0.00117546928151075	0.903885489014592	0.0410569508269019	0.055057560158506	0.929726772147778	0.0288364908647239	0.0414367369874984	0.841274348357505	0.0632113655344159	0.0452496188296881	0.0502646672783909	0.887700829268416	0.0294962720366115	0.00228528030445871	0.0805176183905137
0.721721927479656	0.140404408961796	0.0544452341852844	0.0834284293732639	0.757602317986309	0.0903481418994798	0.0340148264575947	0.118034713656616	0.321043608376935	0.673293579699248	0.00376022904667817	0.00190258287713894	0.915020589155605	0.0208344185405284	0.0641449923038662	0.932957336141208	0.0227286068271669	0.044314057031625	0.855334187744406	0.0704010277649418	0.0157131373885322	0.0585516471021203	0.835401577973825	0.0372162252906819	0.00406108991525677	0.123321106820237
0.739944247458401	0.144371766719763	0.0430176582290447	0.0726663275927906	0.761452325116763	0.0945995878015235	0.045639409262278	0.0983086778194356	0.289127982358812	0.705639786237621	0.00294217616956826	0.00229005523399861	0.923327584661803	0.027695049951816	0.0489773653863812	0.933254080513633	0.0263487632258029	0.0403971562605636	0.861712317653797	0.0718987876240954	0.010590067076748	0.05579882764536	0.86682654203181	0.0389142128987404	0.00104743938411723	0.0932118056853322
0.824400653670277	0.0733757720706543	0.0478639968184563	0.054359577440612	0.797397629345573	0.087498145044518	0.0381541680333306	0.0769500575765784	0.29782718530265	0.694565789416389	0.00462135128060902	0.00298567400035213	0.930745876442291	0.0221230228900201	0.0471311006676891	0.939096891379582	0.02546719695698	0.0354359116634379	0.840336916865375	0.0674441157971946	0.0342831352561231	0.0579358320813068	0.869243718249021	0.0404220915867743	0.0056558873850405	0.0846783027791642
0.789947431783753	0.105228650042419	0.0356753507638673	0.0691485674099608	0.796363182308174	0.103467074915304	0.038477963444664	0.0616917793318573	0.286549919341199	0.704170541464912	0.00134324527788949	0.00793629391599954	0.912520753491447	0.029733751721717	0.0577454947868356	0.933353638140941	0.0319197058107223	0.0347266560483366	0.847082638973254	0.0664727199881445	0.0345626672278087	0.0518819738107932	0.84666440182082	0.0387657896973136	0.0022326672749705	0.112337141206896
0.731549216376502	0.134890892050354	0.0469640338346766	0.0865958577384675	0.779014208425441	0.091754557640332	0.0340213861207196	0.0952098478135071	0.314656040778368	0.681268229941237	0.00273255058652359	0.00134317869387173	0.941434289018502	0.016294607183355	0.0422711037981428	0.940758452110739	0.0238857565953197	0.035355791293941	0.857753910372992	0.0603440064636415	0.0222906688966194	0.0596114142667468	0.868093770931286	0.0436902993712545	0.00325576148626769	0.0849601682111916
0.734613480469378	0.158769743719417	0.0461617496346581	0.0604550261765474	0.802524004305291	0.0780035395521482	0.0312061511257902	0.0882663050167707	0.297478856686518	0.701564124173949	0.000476220026277977	0.000480799113255471	0.920150276458998	0.0299462774630008	0.0499034460780008	0.929079470681868	0.0319694911224458	0.038951038195686	0.839317757515196	0.0669104624067061	0.037785964270672	0.0559858158074259	0.871324434082555	0.0342755033483732	0.00593588925148558	0.0884641733175858
0.809278709819634	0.101306787148912	0.0348355816768548	0.0545789213545995	0.772215606099654	0.0880991601302282	0.0293594619556904	0.110325771814427	0.298820648251247	0.693202884219517	0.0078484339572596	0.000128033571975918	0.922357887253963	0.0247391691260138	0.0529029436200233	0.937650309996503	0.0292234511642024	0.0331262388392942	0.8520950181968	0.0673088886367643	0.0231838985755845	0.0574121945908517	0.891655193171429	0.0442446654032109	0.00164896973276219	0.0624511716925977
0.775853227723195	0.10384775983421	0.0421273339141361	0.0781716785284592	0.775604927968944	0.0824402633254548	0.030851854838356	0.111102953867245	0.326863188964554	0.666686770694019	0.00267730692410449	0.00377273341732336	0.917479446681111	0.0347825920699514	0.0477379612489374	0.934576574911557	0.0304117137450396	0.0350117113434039	0.834808165971618	0.063190076613662	0.044761232022225	0.0572405253924952	0.910394036597864	0.0514676355828785	0.00261931555031641	0.0355190122689409
0.770594111763239	0.121828103992157	0.0466996327556044	0.060878151489	0.814364165684093	0.0909070235205525	0.0335074049258513	0.0612214058695033	0.27120742586242	0.725083812891467	0.000843171169083598	0.00286559007702964	0.912947306180506	0.0309994387815994	0.0560532550378942	0.925440757969933	0.0305338103346559	0.0440254316954108	0.857566479731806	0.0780780222063734	0.00514851257669358	0.0592069854851266	0.889624772427164	0.0363886458363647	0.00145529056524346	0.072531291171228
0.725836973386855	0.159966614048622	0.0437789811473829	0.0704174314171397	0.769672050002047	0.0884526840587088	0.0325639488799259	0.109311317059318	0.320380707344356	0.67485540538614	0.00106398202581053	0.0036999052436939	0.920728054056374	0.025291323643854	0.0539806222997722	0.930341761496203	0.0262248650334701	0.0434333734703272	0.874615104854012	0.0577505441037962	0.00725888850440081	0.0603754625377912	0.852349398927691	0.0374209502963747	0.00636715864927782	0.103862492126656
0.813258053739023	0.0917583157698997	0.0311723660861064	0.063811264404971	0.780091920859358	0.0869073347579244	0.0429413386535716	0.0900594057291464	0.258084739530085	0.738170325516009	0.000961326340873698	0.00278360861303214	0.925823051865403	0.0277276950296368	0.04644925310496	0.935552546459702	0.0176695325314519	0.0467779210088465	0.827095341803247	0.0609869789013358	0.0570603528759901	0.0548573264194271	0.897511395428628	0.0314959178813089	0.00268701868920442	0.0683056680008583
0.747250388984894	0.13489119551681	0.0456826870986477	0.0721757283996489	0.758631453847	0.090640008876866	0.0311011337089669	0.119627403567167	0.345217068995611	0.648505582132618	0.00363428253433384	0.00264306633743748	0.919832236400431	0.0263052763132579	0.0538624872863109	0.936334079187801	0.0263828167178736	0.037283104094325	0.84542603490929	0.0664466210760949	0.0319509710189435	0.056176372995671	0.866297642723576	0.034551158701585	0.00119957563903094	0.0979516229358079
0.760555573478058	0.140043028984757	0.036348447609368	0.0630529499278162	0.789978395246893	0.0761433139916159	0.0407868695109264	0.0930914212505648	0.253304577182129	0.741356275047494	0.00297850737278409	0.00236064039759298	0.941004876633838	0.0116279444252437	0.0473671789409178	0.920607886449209	0.0282130216701787	0.0511790918806123	0.828795427663446	0.0673544726018217	0.04815035371946	0.0556997460152722	0.88581868404501	0.0479408590122173	0.00211781521115761	0.0641226417316151
0.765505465971279	0.12098064761817	0.0310025794457014	0.0825113069648497	0.772394640585617	0.0731869952455518	0.047253046501541	0.107165317667291	0.28263630958165	0.713394484774414	0.00377380367746423	0.000195401966471475	0.921274384823823	0.0287086120484896	0.0500170031276871	0.937816613681038	0.0261184378150901	0.0360649485038717	0.859882001017347	0.0723995424006934	0.0115415660652321	0.0561768905167278	0.855899313925504	0.0298885229155836	0.00218931196871316	0.112022851190199
0.769680848607784	0.127438911761414	0.0425776360026655	0.0603026036281368	0.799693660623487	0.0969233016549187	0.0407612663460558	0.0626217713755383	0.303373713518392	0.690383264643177	0.00106290600589615	0.0051801158325342	0.930743115462502	0.0161157198956701	0.0531411646418282	0.928857548183298	0.0263944913690378	0.0447479604476643	0.85707887547964	0.0661779406228835	0.0197229023855358	0.0570202815119406	0.858278487409289	0.0420596641623495	0.0031459545363428	0.0965158938920182
0.765378260501425	0.111830744592357	0.038605262374943	0.0841857325312749	0.799630353991127	0.0837491432040025	0.0386420395862722	0.0779784632185985	0.307712698259775	0.686708982842317	0.00416939054665705	0.00140892835125103	0.916283927215905	0.0332517182631	0.0504643545209945	0.922420678594553	0.0286935068396365	0.0488858145658101	0.846226021206555	0.0659232846987937	0.0269816293182819	0.0608690647763693	0.894214115534486	0.0326948373111267	0.000708916227241833	0.0723821309271455
0.762211447920906	0.0898964239576727	0.0728077411974586	0.0750843869239625	0.741402001374007	0.0943743899831132	0.0396864570488167	0.124537151594063	0.29503401018319	0.702104853767381	0.000694734725512964	0.00216640132391555	0.931046447430967	0.0174291122944753	0.051524440274558	0.933147445928267	0.024601860712281	0.0422506933594522	0.851234516590551	0.0651903037755036	0.0263652354099176	0.057209944224028	0.84627052998071	0.0357651165623884	0.000517821164112568	0.11744653229279
0.745707062373436	0.125430871893432	0.0526842397904292	0.0761778259427025	0.802448029524513	0.0845787916120255	0.0296766129822122	0.0832965658812492	0.326863095517159	0.665122666688233	0.0013382541686703	0.00667598362593712	0.907244039342999	0.0183821837610116	0.0743737768959895	0.932890490698432	0.0271143921648003	0.0399951171367674	0.860719624404102	0.0602323677829844	0.0206355456253694	0.0584124621875446	0.894265539950885	0.0327982519372691	0.00139311415244227	0.0715430939594034
0.79766170787546	0.100366387747915	0.026382866695597	0.0755890376810287	0.752992874094626	0.0953375479145817	0.0345236855764948	0.117145892414297	0.338590259980483	0.65579005114834	0.000433649856403273	0.00518603901477327	0.916752515479392	0.0338465343543058	0.0494009501663023	0.929921608729433	0.0224436594682332	0.047634731802334	0.85204917544117	0.0587224748144304	0.0339356449598486	0.055292704784551	0.886525617189097	0.0362388670257108	0.00106621636058415	0.0761692994246081
0.749500890521904	0.13263348536265	0.048387908058238	0.0694777160572088	0.768981563547433	0.103197558920301	0.034915839631908	0.0929050379003583	0.323691114130035	0.669026464980525	0.00128429458449806	0.00599812630494172	0.917901316385778	0.0268002016365162	0.055298481977706	0.941208570218036	0.0248985447867053	0.0338928849952583	0.846237997882697	0.0704050955837906	0.0267956421892977	0.0565612643442146	0.855054087574303	0.044192891427755	0.00294097253165905	0.0978120484662829
0.75595017568329	0.120433760444866	0.0523982146615773	0.071217849210267	0.792762385032144	0.0828133697865342	0.0383891667493642	0.0860350784319577	0.305802475808648	0.685092453522635	0.00338231333334871	0.00572275733536786	0.919663264853657	0.0348688976110096	0.0454678375353332	0.937201283377348	0.0227279518260755	0.040070764796577	0.861566119569072	0.0725897359047236	0.00968880862995532	0.0561553358962493	0.875145171479633	0.0444928087699005	0.000886864910451632	0.0794751548400146
0.77117039760477	0.115087167545346	0.0639576751768243	0.0497847596730593	0.770209821304813	0.0864225520286784	0.0349219760868091	0.108445650579699	0.263243169738192	0.730123952962953	8.94468292933365e-06	0.00662393261592613	0.926818670852015	0.0299964611880091	0.0431848679599761	0.934980056134138	0.0241386382478925	0.0408813056179692	0.846031323667941	0.0648960321213844	0.0326872231419338	0.0563854210687412	0.883012153322054	0.0467947849243298	0.00280201703639716	0.067391044717219
0.786774342777795	0.0915478189502338	0.0672190021991901	0.0544588360727811	0.769971811404296	0.0875308237400343	0.0343164470172975	0.108180917838372	0.302664206542825	0.693309893436288	0.00341968888114152	0.000606211139746066	0.926643915670751	0.027507376825774	0.0458487075034749	0.939410084109067	0.0245649930712555	0.0360249228196777	0.860425947250876	0.0746595139103812	0.000927726290540404	0.0639868125482025	0.849549659636807	0.0547471990148452	0.00125488905706746	0.0944482522912806
0.750100089638086	0.144114068963225	0.0352878065952906	0.0704980348033983	0.801837956675381	0.100543585658219	0.0281470060022489	0.069471451664151	0.331145509558824	0.666402655055097	0.000293658794535884	0.0021581765915435	0.922452141559739	0.0456605367512853	0.0318873216889762	0.922601541781978	0.0305803897789338	0.0468180684390878	0.844581180316748	0.0683136715313676	0.0359852098551457	0.0511199382967392	0.84374754482883	0.03185950571422	0.00421121613345066	0.120181733323499
0.727808122923874	0.156996738444904	0.0465413287641525	0.0686538098670695	0.774926507508973	0.0977193999464119	0.037910792102289	0.0894433004423258	0.289578207482114	0.708874767115304	0.000640298475699195	0.000906726926882331	0.911068160082113	0.0311240937658306	0.0578077461520561	0.942169984179011	0.0237435112520108	0.0340865045689787	0.858523082625835	0.0703137772252685	0.0110118686331345	0.0601512715157621	0.851931827372114	0.0252204596524262	0.00379416194167678	0.119053551033783
0.742937700218625	0.144273420253305	0.0344839462325814	0.078304933295488	0.804710333722877	0.0919776409893059	0.0308466578189145	0.0724653674689024	0.294218698104579	0.695106556570078	0.00202477535223786	0.00864996997310536	0.912850172077305	0.0367947095767855	0.0503551183459092	0.926583609171259	0.029674949995441	0.0437414408333003	0.874813278027804	0.0591919549614589	0.00487743395171966	0.0611173330590179	0.869427261981511	0.0263732229001573	0.00239174327412398	0.101807771844207
0.767038682097259	0.104225925538317	0.0658946767917186	0.0628407155727049	0.797343194685239	0.0964027219541176	0.0242554121690778	0.0819986711915656	0.263549201456421	0.735871680389649	0.000418026111227254	0.000161092042702069	0.914197895649682	0.0385506036229456	0.0472515007273726	0.940570881236186	0.0226126879602935	0.0368164308035207	0.857312436611806	0.0673002858949597	0.00814546981875369	0.0672418076744812	0.853142459812766	0.0505739279293016	0.00339523186564633	0.0928883803922857
0.766745995354665	0.134963856160367	0.017137754845798	0.0811523936391703	0.800682492215288	0.0603025321344532	0.0372202326457515	0.101794743004507	0.369441353975713	0.622807414224047	0.00507998792892364	0.00267124387131623	0.922174616582259	0.0204072228104495	0.0574181606072916	0.936617236132495	0.0231896430806086	0.0401931207868967	0.850688575816142	0.0724651797091991	0.0158663680259052	0.0609798764487537	0.84668314618521	0.0472564864497585	0.000747200218569919	0.105313167146462
0.73021643450891	0.140832302474399	0.0558629196128275	0.0730883434038643	0.780003346546702	0.0961540274031871	0.0309319200763945	0.092910705973716	0.231676240844758	0.760980917211152	0.00233270048417242	0.00501014145991722	0.914871213576628	0.029904412161941	0.0552243742614308	0.922200923660416	0.0273967621952145	0.05040231414437	0.842040720294135	0.0687774281117166	0.0310960807129856	0.0580857708811632	0.89888088691626	0.0420505634743284	0.00183713239482186	0.0572314172145896
0.733571614235723	0.123167797855785	0.0534888604643535	0.0897717274441391	0.805090816229719	0.0691869390634846	0.0345304034092879	0.0911918412975087	0.293726959473158	0.701110904651797	0.00203750887015368	0.00312462700489165	0.929516760069133	0.0141634077695186	0.0563198321613484	0.933907345602434	0.0318017107629496	0.0342909436346164	0.857166357699814	0.0583993312449074	0.0244143001299539	0.0600200109253244	0.874879326584474	0.0351132512925219	0.00138398559041984	0.088623436532584
0.757922570002638	0.114406608210401	0.0436227904803054	0.0840480313066563	0.796268966328186	0.0839197315844732	0.0281746255582956	0.091636676529045	0.258631886406147	0.73724294136713	0.00106984964830874	0.00305532257841429	0.926807067640349	0.0181915919467265	0.0550013404129242	0.941965725009471	0.0250194339221708	0.0330148410683585	0.868932469433058	0.0692287774312698	0.00623463515687517	0.0556041179787971	0.874064842912764	0.0425219835294652	0.00643935349588742	0.0769738200618839
0.796410347253061	0.0979139483275516	0.0357301937895727	0.0699455106298151	0.808025830873814	0.0846438868210394	0.0267851151750876	0.0805451671300589	0.271266419552303	0.722939153767739	0.000220734435658901	0.00557369224429936	0.920541525164475	0.0220498944382935	0.057408580397231	0.932642880088247	0.0282356466258071	0.0391214732859457	0.864754562245087	0.0600262689088887	0.0169745133534207	0.0582446554926039	0.848506199806312	0.0411823372226518	0.00215037444550294	0.108161088525534
0.753818188250563	0.125173988890062	0.0562475503290504	0.0647602725303247	0.785503650299946	0.0693088634907684	0.0350913294637979	0.110096156745488	0.294338307337629	0.704951522228206	0.000597459115739746	0.000112711318425714	0.922133544136973	0.0310087870363648	0.0468576688266617	0.927871576116314	0.026464994668441	0.0456634292152446	0.820944653827099	0.0631941844417977	0.0574225981297681	0.0584385636013353	0.895304752901284	0.045083383313537	0.00217769127512542	0.0574341725100533
0.782244296199392	0.112811098563581	0.0557684371447696	0.0491761680922571	0.778480906485836	0.0911311298310315	0.0304269524867639	0.0999610111963688	0.275261098521042	0.720287156626551	0.00291039752201745	0.00154134733038932	0.916900705073107	0.0216905205526031	0.0614087743742896	0.932901629822773	0.026937391765862	0.0401609784113654	0.846549967894198	0.0590939081685407	0.0464830357541989	0.0478730881830619	0.85774501896188	0.044476757227801	0.0013997802470507	0.0963784435632683
0.810476149710796	0.0533604906860362	0.0562634981600037	0.0798998614431645	0.785202380913938	0.0805942691163238	0.03405409410923	0.100149255860508	0.344871704416631	0.651743471622493	0.000395494433088475	0.00298932952778826	0.916026634536922	0.0417361385755326	0.0422372268875456	0.93187649494819	0.0289378045370629	0.039185700514747	0.872260438658615	0.0625312802666065	0.00702447704567788	0.0581838040291004	0.8622144719187	0.0480911547601377	0.00370611988565693	0.0859882534355058
0.733753097667667	0.108684791951786	0.0516886602638817	0.105873450116665	0.797707236338997	0.0817260685617192	0.0323808397098801	0.0881858553894033	0.309222890739536	0.686304523866904	0.00193934190982785	0.00253324348373165	0.937363234322022	0.0096083721840952	0.053028393493883	0.932069571419291	0.0271009831252447	0.0408294454554646	0.829282824928151	0.0587346918451327	0.0543657609172186	0.0576167223094971	0.893673920960601	0.0385229405669737	0.00062592365244987	0.0671772148199748
0.758791037170246	0.108447053012066	0.0604178484174344	0.0723440614002539	0.784429950838465	0.0751650047266411	0.0399674595503458	0.100437584884548	0.30980757388969	0.676207377403613	0.0071176093656817	0.00686743934101597	0.916755090931288	0.0274347601189418	0.0558101489497697	0.932890993953708	0.0307838979088995	0.0363251081373921	0.876806252861876	0.0549443618177158	0.00837406280615309	0.0598753225142547	0.931142435336446	0.0400930469369619	0.00134990036202782	0.027414617364564
0.770548344925714	0.123887204476441	0.045682887209994	0.0598815633878509	0.784499066551371	0.0914524143677426	0.0378037842261787	0.0862447348547082	0.329471860162452	0.66939159320812	0.000279520410130827	0.000857026219296838	0.926918400613071	0.0228369686498822	0.0502446307370468	0.924129081511584	0.0325654587762139	0.0433054597122025	0.852308275114497	0.0710195905753939	0.0235195399176487	0.0531525943924598	0.903026399954481	0.0377016056656444	0.00255819032878006	0.0567138040510949
0.740391889679562	0.0965624137246753	0.0746763375127082	0.0883693590830542	0.736276122386644	0.0952956035488536	0.0434327802165717	0.12499549384793	0.244454659859971	0.753039772739584	0.00222011950088025	0.000285447899564782	0.907919867584381	0.0343370931240996	0.0577430392915197	0.925309063837235	0.0290140383028608	0.0456768978599042	0.872021926399038	0.0601033763277778	0.0135631260406207	0.0543115712325632	0.846381782795501	0.0371075975315659	0.00153116418963227	0.114979455483301
0.796748259725219	0.107875587144562	0.030210068230817	0.0651660848994017	0.838888608113152	0.0743096153521858	0.0406607492591899	0.046141027275472	0.302127765536833	0.69392183757962	0.000997329870741066	0.00295306701280561	0.931916106679588	0.0153167804153198	0.0527671129050926	0.925812627070263	0.0313127643367444	0.0428746085929929	0.8386360611102	0.0658030090310456	0.0398915612904923	0.055669368568262	0.867282569928196	0.0420546617957491	0.00128051948666705	0.0893822487893875
0.811528529083904	0.0706944973709583	0.0490503566475051	0.0687266168976326	0.783857510743466	0.0842980585885493	0.0414902571347398	0.0903541735332443	0.319602587856785	0.677434518807567	0.00227411529771017	0.000688778037937338	0.910910197143534	0.0381219832779076	0.0509678195785585	0.935637504211504	0.0301742371902622	0.0341882585982336	0.865792116148691	0.0523072578187885	0.0241871902773084	0.0577134357552122	0.865511922406361	0.038735313218034	0.00129152466514058	0.0944612397104646
0.762503126450621	0.122606086726389	0.0641292703724773	0.0507615164505131	0.789112508493516	0.0742335959366288	0.0352879294639401	0.101365966105916	0.252474384300501	0.740665979657897	0.00166126532879103	0.00519837071281062	0.939946865991794	0.0131918807258135	0.0468612532823929	0.936231935670681	0.0332940428631316	0.0304740214661877	0.879004742887081	0.0576976193364281	0.0115461629628166	0.051751474813674	0.88922063448889	0.0402268439100673	0.00099827559623439	0.0695542460048086
0.775034883021435	0.120927213397057	0.0211862389014156	0.0828516646800927	0.77343277176794	0.0798992787721202	0.0370107910028029	0.109657158457137	0.273232222805132	0.723428029787043	0.00191417151792935	0.00142557588989584	0.907900423389543	0.0400937688540552	0.0520058077564014	0.934122248964905	0.0237943909075795	0.0420833601275156	0.856228063409079	0.0629350445810356	0.0265760781737955	0.0542608138360902	0.894059187525215	0.0288593967175149	0.000136604902496513	0.0769448108547738
0.70710520470164	0.160223603796056	0.0633737246094269	0.0692974668928778	0.773266607952943	0.0861955305923952	0.0346012404880902	0.105936620966571	0.26537933582168	0.723729869126334	0.0050512292546616	0.00583956579732499	0.919294728346996	0.020611108477102	0.0600941631759023	0.934768268480387	0.0239150327612484	0.0413166987583651	0.873541626424446	0.0637438183490823	0.0108974636809497	0.0518170915455222	0.86486358137241	0.0392333930645353	0.00147646818774855	0.0944265573753066
0.782551466024951	0.103614212575794	0.0543778917449263	0.0594564296543279	0.8004125029245	0.0867371764660057	0.0290233142404239	0.0838270063690698	0.284357341626908	0.710911007324655	0.00211842175911152	0.00261322928932502	0.92081276320742	0.0356922626304614	0.0434949741621187	0.930983894557096	0.0257823071777663	0.043233798265138	0.844137346962918	0.0626907214931886	0.0399063823569155	0.053265549186978	0.859411197752209	0.0369541245199227	0.00506469125435445	0.0985699864735142
0.797593715038123	0.0813509971506242	0.041509685927642	0.0795456018836105	0.772237346024592	0.0692909961663834	0.0345300580477365	0.123941599761288	0.27213241962038	0.726257365610583	0.00150202325987363	0.000108191509164188	0.921300614935477	0.0321742125643333	0.0465251725001901	0.931243393504087	0.0254511333339605	0.0433054731619521	0.870138844784797	0.0688320183925233	0.00076277450483027	0.0602663623178493	0.867772221228826	0.0269962122931866	0.00169400478828988	0.103537561689698
0.705728951567782	0.155434343899469	0.0646702264642672	0.0741664780684815	0.791649598308264	0.0905740948502059	0.0340019548115957	0.0837743520299341	0.253676686936109	0.740358209164828	0.00482760539674796	0.00113749850231513	0.937398285878186	0.0134712522099006	0.0491304619119136	0.933229740001288	0.0241621640758034	0.0426080959229081	0.844520853995147	0.0729718405634095	0.0237659673988131	0.0587413380426299	0.840266204259985	0.0429497187311449	0.00262465849623832	0.114159418512632
0.73781772312202	0.145111491849119	0.0619506105795131	0.0551201744493476	0.78536426878669	0.0970659634821124	0.0290387128245442	0.0885310549066531	0.269781574319101	0.725854243372124	0.000410748968358783	0.00395343334041668	0.928360071581008	0.0253902369357928	0.0462496914831994	0.939535666091508	0.0289952552357354	0.0314690786727564	0.855700654156635	0.0618680680753429	0.0222940544335699	0.0601372233344516	0.884397780733046	0.0388463531667691	0.000190109269436157	0.0765657568307487
0.752624643665044	0.13764302788319	0.0409361241472069	0.0687962043045588	0.79868701337185	0.0863777395924987	0.0343742277515718	0.0805610192840795	0.276501261826023	0.720231325445911	0.00136825538627354	0.00189915734179239	0.918941939986938	0.0285321852860246	0.0525258747270375	0.93345020902925	0.027241679297569	0.0393081116731811	0.85826848157494	0.0585046381964179	0.0198902528089193	0.0633366274197231	0.853194610310277	0.0418742390301542	0.00359638075495868	0.10133476990461
0.748985162256671	0.130234964367234	0.0690901649854861	0.0516897083906089	0.818437141416463	0.0901790140484522	0.0335815714836165	0.0578022730514684	0.335599356556405	0.663330461487713	0.000535219557140629	0.00053496239874198	0.936094639256938	0.0226742726338414	0.0412310881092207	0.931214574562467	0.023890049564103	0.0448953758734299	0.860265481026282	0.0519786626333222	0.0307387292713201	0.0570171270690759	0.903246136687346	0.0492867739433084	0.00126301910985404	0.0462040702594917
0.712920443578617	0.146700526210914	0.0575052817998757	0.0828737484105926	0.79282999158574	0.0944949909320759	0.0267787746497684	0.0858962428324159	0.272209451806656	0.721586511769045	0.00504139665029202	0.00116263977400702	0.945108402946645	0.0100393998234561	0.0448521972298988	0.93068750945367	0.0243127217300056	0.0449997688163245	0.867991796965343	0.0687803696564505	0.00297137514038756	0.0602564582378187	0.866947808148028	0.0502967777957753	0.00116944647437625	0.0815859675818204
0.719830596330907	0.176700040342485	0.0482907164515024	0.0551786468751054	0.782363250795332	0.0836549352809502	0.0318779671874068	0.102103846736311	0.32603812940883	0.669901297838495	0.00226984235468362	0.00179073039799184	0.910718385334295	0.0268908452106816	0.0623907694550237	0.926799169831052	0.0317088917633729	0.0414919384055747	0.868364114976588	0.0615779264558387	0.0126451342671734	0.0574128243004002	0.846501194647544	0.0358412057006337	0.00370409004238653	0.113953509609436
0.76716692407687	0.108326162057639	0.0510158864905883	0.0734910273749031	0.778266821988612	0.089092124548234	0.0338306269927825	0.0988104264703713	0.334950406352259	0.659537685871059	0.00012375560444809	0.00538815217223323	0.932007867318141	0.0218326264904096	0.0461595061914493	0.9315804229163	0.0272629407848625	0.0411566362988379	0.83669726094173	0.0572199814596741	0.0459215094721512	0.0601612481264448	0.905373900366686	0.0505159696457794	0.00579811535085756	0.038312014636677
0.751990555004678	0.128206216389469	0.0449321421372361	0.0748710864686167	0.799394684747485	0.0866478325393036	0.0357162344252476	0.0782412482879634	0.319535222392226	0.67351787983409	0.00273718580025664	0.00420971197342685	0.924073473856343	0.0231525783116805	0.0527739478319765	0.932933095444716	0.0230263208022652	0.044040583753019	0.863895456254222	0.0674551872130195	0.00219001279839808	0.0664593437343603	0.838297322143255	0.0469185929218084	0.00152039947282444	0.113263685462112
0.714542308795979	0.155230532540867	0.063630698526638	0.0665964601365165	0.797132400324296	0.0875945510209695	0.040130794820672	0.0751422538340628	0.198757014181364	0.79919458074522	0.00100275417418779	0.00104565089922806	0.921578899802602	0.0207636444379968	0.0576574557594011	0.92905007523014	0.0321842272786898	0.0387656974911706	0.853572764142367	0.0594091370181445	0.0295606063983834	0.0574574924411052	0.874591817894329	0.0420634611152638	0.00527982661877136	0.0780648943716363
0.739592078812273	0.150997427734057	0.0500547665098594	0.0593557269438103	0.787908358622311	0.0928141506327303	0.0365743767942862	0.0827031139506725	0.294003434772885	0.703249205090302	0.00109531275523129	0.00165204738158183	0.925179103715319	0.0311700218848198	0.0436508743998611	0.934340472469589	0.0253359067797993	0.0403236207506123	0.86665490741581	0.0671454531713298	0.00781392869331757	0.0583857107195431	0.851930087421926	0.0514029818156191	0.00507321892502644	0.0915937118374284
0.727969015603157	0.165408342613537	0.0324579112784478	0.0741647305048575	0.794054650980709	0.0907991711183801	0.0300814789432153	0.085064698957696	0.229822983650258	0.767472416173697	0.000597253663719983	0.00210734651232506	0.91947182200596	0.031029812062433	0.0494983659316072	0.921786304344429	0.0317193226472307	0.0464943730083406	0.865068094166441	0.0717695361532923	0.00290135216018205	0.0602610175200851	0.878515778638641	0.0351722950573199	0.00435797467922604	0.081953951624813
0.773119222136217	0.067044873406183	0.0763667223925671	0.0834691820650333	0.761781230700778	0.0935269205184761	0.0340686486723725	0.110623200108373	0.259547155831091	0.733884322925613	0.00538352841116666	0.00118499283212879	0.926294157755231	0.0313249808146199	0.0423808614301495	0.930896895210332	0.0267640110983338	0.042339093691334	0.852195692204968	0.0665532450805189	0.0310497576789403	0.0502013050355725	0.866068643955774	0.0477643504504265	0.000451934078545092	0.0857150715152547
0.757285157084759	0.0995997511170624	0.0678245127062985	0.0752905790918804	0.774633079232896	0.088915492555993	0.0405334901790627	0.0959179380320482	0.295647526281961	0.699744029036554	0.00412671676200814	0.00048172791947693	0.943567533938423	0.01752854889297	0.0389039171686067	0.928645480669189	0.0286214213179222	0.0427330980128889	0.862898764835157	0.066810546691431	0.0145732869994552	0.055717401473957	0.850923166831828	0.0437418488606317	0.000463092396513133	0.104871891911027
0.758068340380663	0.130603889548151	0.0415668445642261	0.0697609255069604	0.786676293364417	0.0730475580447211	0.0389464715893008	0.101329677001561	0.255106683981418	0.743035747249945	0.000698952129877865	0.00115861663875972	0.934614531488329	0.0195992553639368	0.0457862131477346	0.934787765052324	0.024332488866679	0.0408797460809969	0.830312224736001	0.0635192120686135	0.0530356210826689	0.0531329421127165	0.846961016238029	0.0524276466813597	0.00338501519497097	0.0972263218856406
0.767536753892806	0.0815085441090226	0.0839466255724038	0.0670080764257671	0.798531379131416	0.0834787630655865	0.0243188769489271	0.0936709808540702	0.300142124979668	0.695114072205623	0.000183972749541012	0.00455983006516828	0.920282496701717	0.0216010615906038	0.0581164417076792	0.928818408188907	0.0275411659895306	0.0436404258215623	0.843008936553259	0.0652193362577676	0.0314194063155865	0.0603523208733865	0.873279179136985	0.0377681088717944	0.00308269817066327	0.0858700138205578
0.752407680269784	0.121414857242905	0.0540097156397469	0.072167746847564	0.78107334166436	0.0928158809383725	0.0350931991606204	0.0910175782366473	0.258904407750598	0.735947780375552	0.00203132459544876	0.00311648727840048	0.897743458683251	0.0423713993809135	0.0598851419358358	0.930718468557599	0.0331856902575735	0.0360958411848271	0.871998977941334	0.065170325520742	0.0118680585853658	0.0509626379525583	0.871246243788258	0.0465089377764655	0.000309640477029957	0.081935177958247
0.782278661017746	0.0983366614362468	0.0332447830120764	0.0861398945339311	0.772615339761254	0.0923910989657237	0.031917021810052	0.103076539462971	0.296828064305004	0.694480716687382	0.00440700337983499	0.00428421562777905	0.945136626589502	0.000863891830316471	0.0539994815801818	0.940541794566896	0.0239795332557568	0.0354786721773475	0.864378434577089	0.0629829535402005	0.0171644512896418	0.0554741605930685	0.852400485791812	0.0376996155725305	0.00285875472441499	0.107041143911242
0.716669207301296	0.145780443152134	0.0561940529960778	0.0813562965504925	0.783574911360041	0.0738070409145101	0.0371817455196407	0.105436302205808	0.269700966508843	0.722786092186299	0.00292070348466682	0.00459223782019117	0.930177417460495	0.0143571596037284	0.055465422935777	0.939867225135947	0.0269032895325619	0.0332294853314915	0.869632919209434	0.0701381364410254	0.00233520286441498	0.0578937414851259	0.885352048097747	0.051903441873889	0.000848718186043189	0.0618957918423211
0.779293544305634	0.0820217696571567	0.076004941084225	0.0626797449529845	0.780164558569462	0.0928430452225403	0.0381003642902081	0.0888920319177899	0.294749034392929	0.699668215672977	0.00479297400751151	0.000789775926582602	0.923956589807654	0.0310121215858603	0.0450312886064856	0.931540796439415	0.0269971182557055	0.0414620853048791	0.862195544075417	0.0600650864193671	0.0150163160557817	0.0627230534494341	0.855988175898505	0.0347707475260737	0.00368304110003519	0.105558035475386
0.704106052257899	0.163051036199496	0.0633830746699336	0.0694598368726717	0.799091985113521	0.0805888686237146	0.041003121443852	0.0793160248189125	0.256638973264334	0.738329536930521	0.00203438735003668	0.00299710245510793	0.938485711840904	0.0209064399471007	0.0406078482119953	0.932453880456155	0.026070216012878	0.0414759035309669	0.869080134765022	0.0606104238997624	0.00829363740119573	0.06201580393402	0.849814246722726	0.0372054116688268	0.00293574518207205	0.110044596426375
0.780784962717056	0.107120901577288	0.0375767390538713	0.0745173966517847	0.767028795692159	0.0881075648692955	0.0397422045281417	0.105121434910404	0.255319195324061	0.740945218140335	0.000455495930133693	0.00328009060546989	0.917494391244796	0.0237984111302905	0.0587071976249129	0.935515900297881	0.0228270811087806	0.0416570185933387	0.848450470369034	0.0602488646130681	0.0344098467443185	0.0568908182735798	0.899332407536656	0.0326463057725055	0.000858153791018498	0.0671631328998196
0.724691065137231	0.164571279480226	0.0493256121333207	0.0614120432492225	0.778632912560882	0.0898201411508038	0.0351129551650948	0.0964339911232195	0.324520768529142	0.671370369364226	0.00350521492600401	0.000603647180627905	0.919088451791653	0.0220584040516665	0.058853144156681	0.924745379726673	0.0334767903919413	0.0417778298813857	0.822934065318668	0.0697688072926513	0.0488244348895166	0.0584726924991637	0.857746766856214	0.0358201546626651	0.00389858536772478	0.102534493113396
0.69993984969263	0.159960587375414	0.0447043480465764	0.0953952148853794	0.789665092953513	0.0864272276397981	0.0380785271631549	0.0858291522435344	0.300916691430487	0.692635696470872	0.00386811938958947	0.00257949270905135	0.923277130374389	0.0312365518650109	0.0454863177606005	0.931107826691289	0.0313390949393205	0.0375530783693907	0.869047744691728	0.0635230293864199	0.013611761125659	0.053817464796193	0.88100804426812	0.0401112594341833	0.00432244552560631	0.07455825077209
0.746488353322725	0.118353235279631	0.0505713323873494	0.0845870790102943	0.825079307706954	0.077153341797945	0.0397295940756018	0.0580377564194994	0.254147585102089	0.741203918256374	0.00225377653091793	0.00239472011061914	0.918784435980162	0.0307553950345949	0.0504601689852431	0.929622947431887	0.0235623138315153	0.0468147387365981	0.850807736774372	0.0694818253060886	0.0295453268980044	0.0501651110215348	0.858543105441577	0.0343506922082849	0.000129664812783618	0.106976537537355
0.730630298121632	0.132819665679985	0.0611016936164953	0.0754483425818884	0.787916757070948	0.0962205234101315	0.0330023282850557	0.0828603912338648	0.312679309623873	0.682919809789583	0.00101685356081649	0.0033840270257275	0.917681631597754	0.0361893079818893	0.0461290604203564	0.932242356185896	0.0228834919814363	0.0448741518326673	0.837579598687443	0.0655614523690476	0.0365353273222327	0.0603236216212764	0.833145866209228	0.0432297029369366	0.00168959882317524	0.121934832030661
0.673899174436211	0.197415381143074	0.0562901785155111	0.0723952659052035	0.789399118409037	0.0806603494791924	0.0303483282459916	0.0995922038657791	0.295875118152016	0.70181203463512	0.00135618788443093	0.000956659328433131	0.916868021393748	0.0214054531117411	0.0617265254945109	0.932791951213849	0.0254060300483592	0.0418020187377915	0.82955441666325	0.066818991886575	0.0485497204106141	0.0550768710395609	0.870791640616645	0.0358171773325463	0.00501233516331827	0.0883788468874903
0.753282856833236	0.13703025619153	0.0393263492382134	0.0703605377370201	0.835381292595956	0.0680654578704277	0.0414737926119919	0.055079456921624	0.291749686595894	0.70426798577245	0.000846546683661694	0.00313578094799436	0.938157923417249	0.00593081485296165	0.0559112617297896	0.919529963841025	0.0310671984402156	0.0494028377187588	0.834187420880428	0.0652914407734256	0.0426457751920401	0.0578753631541066	0.891674222502728	0.0493602682926688	0.00654166503386377	0.0524238441707396
