0.801144035488686	0.143376257109747	0.0457800006458847	0.00969970675568282	0.786707559976884	0.0770339679345982	0.032240866685899	0.104017605402619	0.242647089936117	0.754521316968918	0.000927457335507264	0.00190413575945821	0.937633585287681	0.0212724381934412	0.0410939765188776	0.944184198820067	0.00801277415528264	0.0478030270246501	0.856344371805923	0.0390130968956712	0.0395903725373515	0.0650521587610547	0.807825319841316	0.0361164463196378	0.00411342800683854	0.151944805832207
0.781699956860818	0.143613259278122	0.0509554686757156	0.0237313151853446	0.809009866593583	0.0772076283238077	0.0296057819356914	0.0841767231469177	0.271314922061312	0.7273316681618	0.000155827907456059	0.00119758186943187	0.922042197800425	0.0299584193440969	0.0479993828554779	0.929181138668756	0.0210712067530397	0.0497476545782042	0.879849317273381	0.0398882994205513	0.0274082827673413	0.0528541005387264	0.818977852146693	0.0328072683944089	0.00142342992231172	0.146791449536587
0.802371303698508	0.115579107186338	0.0556041777901347	0.026445411325019	0.796485863045907	0.0899150327461133	0.0282417837853781	0.0853573204226019	0.242326058751156	0.753166980876598	0.00379615078305429	0.000710809589192079	0.936763372892468	0.0186097086198841	0.0446269184876475	0.910017532255184	0.0282659956010321	0.0617164721437843	0.840035290447661	0.0608019706679555	0.0132547926386539	0.0859079462457298	0.814439383931473	0.0312642134978755	3.62529739584153e-05	0.154260149596693
0.789604765989918	0.145990415747791	0.0441359197898763	0.0202688984724152	0.80984586537629	0.0727255308800758	0.0254806711689774	0.0919479325746567	0.259267289229567	0.737419886397741	0.0016187332871846	0.00169409108550773	0.943000182101941	0.0116574151854063	0.0453424027126531	0.937363174060801	0.00654162598887571	0.0560951999503228	0.863727884935062	0.0433632097566928	0.0383875603321797	0.0545213449760656	0.839491554998871	0.0265506500902867	0.00161881553887448	0.132338979371968
0.762589622512479	0.1580358132967	0.0498019925498301	0.0295725716409914	0.831491854609102	0.0761119228520863	0.0215131188508293	0.0708831036879826	0.255962834324275	0.737100037366344	0.00522146770064134	0.00171566060873952	0.9166884381452	0.0218985093040619	0.0614130525507386	0.941958022127797	0.0166378276108412	0.0414041502613616	0.874442704085361	0.0597012244504159	0.023631754056952	0.042224317407271	0.834206639205769	0.0353019380798113	0.000768799796759826	0.12972262291766
0.789213640824627	0.142121691741282	0.0488632769263617	0.0198013905077292	0.823848027998076	0.0666616069950597	0.0301749813981107	0.0793153836087539	0.269785926328026	0.725401089347672	0.00130098918756924	0.00351199513673327	0.954566354507684	0.0171747912324542	0.0282588542598618	0.91520571679711	0.0232759723881473	0.0615183108147425	0.840023533447429	0.0327442335297973	0.0404829442392418	0.0867492887835321	0.800927626062573	0.0377873009780043	0.000840316423743993	0.160444756535678
0.775760003733369	0.142415620129348	0.0491174178086115	0.0327069583286714	0.79365882016303	0.0823435960365689	0.0292711943209132	0.0947263894794878	0.243117879351398	0.752084304435946	0.000611300790749166	0.00418651542190653	0.911452551713275	0.019049495394152	0.0694979528925732	0.945268825412038	0.00814688030341161	0.0465842942845501	0.860709238335274	0.0476194778151265	0.0321420480955177	0.0595292357540821	0.816073294713185	0.0292844876828639	0.00055316910642965	0.154089048497522
0.801049108851745	0.131701134528126	0.0557111262724737	0.0115386303476554	0.815574799385108	0.0796507947010209	0.027534927028441	0.0772394788854305	0.265586049640515	0.730296788759251	0.00241699333336269	0.00170016826687106	0.940049458556091	0.0144788351145108	0.0454717063293979	0.929069120550353	0.0177842255129655	0.0531466539366811	0.849965197494843	0.047874656147724	0.0198168254774893	0.0823433208799435	0.825976433811516	0.0395856536169402	0.0018165045789284	0.132621407992616
0.786996441173248	0.16147176106516	0.0400199287715304	0.0115118689900611	0.795464078715067	0.0889941570517039	0.0254478955363762	0.090093868696853	0.27913512814146	0.717862311089981	0.00143106159643941	0.00157149917211978	0.934567562418837	0.0237669950596936	0.0416654425214696	0.941364519696792	0.0151667570008903	0.0434687233023176	0.868578500034085	0.0431981853881765	0.0414655649597376	0.0467577496180007	0.819614132408434	0.0268910603338485	0.00301745280371695	0.150477354454
0.772068440457275	0.145743386725413	0.0516730736790041	0.0305150991383075	0.796382343386334	0.0784950667232295	0.0305137351644747	0.094608854725962	0.239282206433238	0.759834236118066	0.000250492650713141	0.000633064797983012	0.956035550235825	0.0239093965178663	0.0200550532463083	0.940123289908246	0.0252452702362178	0.0346314398555362	0.880894435241678	0.0404935964209549	0.0145022580306315	0.0641097103067359	0.827496935192632	0.0302980916635584	0.003750239293646	0.138454733850164
0.761548779893443	0.151011453543755	0.0539760002207372	0.0334637663420653	0.814852339126676	0.0905804862236402	0.0247082928967747	0.0698588817529093	0.222360261439073	0.77077983628841	0.000551621857947888	0.00630828041456924	0.924062486776425	0.0289934242923709	0.046944088931204	0.944136329625026	0.0156956776104008	0.0401679927645732	0.869560209761931	0.048102952119032	0.0193489913284199	0.0629878467906172	0.791860283699901	0.0348970227103161	0.0067006131866321	0.166542080403151
0.779050531698193	0.160173392882327	0.0517784385417483	0.00899763687773247	0.798322157551752	0.0774257183486155	0.0271588547133656	0.0970932693862672	0.218472131888926	0.77964325912953	0.000244284708405572	0.00164032427313854	0.937191093173431	0.0151143601867924	0.0476945466397764	0.940070351464662	0.0228681000288889	0.037061548506449	0.900632242021552	0.0208101516648109	0.0178179123538522	0.0607396939597851	0.816672193827866	0.0294667885076488	0.00139730605667451	0.15246371160781
0.802040327209518	0.126384251364512	0.0509942130740818	0.0205812083518887	0.809132553917457	0.0743218865926607	0.0304407872452985	0.0861047722445837	0.204763231112204	0.790223272023336	0.00281363504548411	0.00219986181897565	0.929155981689517	0.0182256836121777	0.0526183346983055	0.935376959858586	0.00826151158263712	0.0563615285587771	0.851661063785304	0.0432928087367961	0.0412012398903722	0.0638448875875271	0.824760878336157	0.0287397071040386	0.00277206332344998	0.143727351236355
0.803505327602351	0.125891239191859	0.0488890911179207	0.0217143420878693	0.780738519235346	0.0911927333267417	0.0287012471527519	0.0993675002851601	0.276473507997884	0.721672463519763	0.0013783880966257	0.000475640385727635	0.937805408028335	0.0140427634746563	0.0481518284970083	0.935984761906599	0.0139702953372387	0.0500449427561623	0.867291771844072	0.0529902724462971	0.0210265592287941	0.0586913964808365	0.807135807617572	0.0346774052156398	0.00461344091357085	0.153573346253217
0.769589285917164	0.156405152213662	0.0435729680538392	0.0304325938153345	0.816301250303133	0.0837259298024804	0.0309921273523131	0.0689806925420731	0.258839649579663	0.733388853237001	0.00288242915577415	0.004889068027562	0.943462922618744	0.025341338688651	0.0311957386926046	0.921274564836976	0.0230902100993961	0.0556352250636276	0.833291428746264	0.0370597985192945	0.0576964354196825	0.0719523373147591	0.805513763922035	0.0350885637636214	0.000776636581053374	0.15862103573329
0.790348755474437	0.137817519331	0.0438759905060227	0.0279577346885409	0.824270656789195	0.0771600602615918	0.0247532812380756	0.0738160017111377	0.250895568845212	0.743405720093499	0.00363256958453888	0.0020661414767497	0.951985114603078	0.0144237365763248	0.0335911488205973	0.918928824258841	0.0167610396509341	0.0643101360902252	0.863906639118189	0.0465333564693401	0.0351134024185745	0.0544466019938962	0.844379744502165	0.0385767891747539	0.000806377689004793	0.116237088634076
0.785072357473248	0.159066461836945	0.0403339234154116	0.0155272572743959	0.807563616370263	0.0822875306908614	0.0233815959003919	0.0867672570384841	0.211291934346753	0.778704402666832	0.00471363751756375	0.00529002546885063	0.930153991057899	0.0213525884675463	0.0484934204745547	0.936751800091801	0.0184227443092977	0.0448254555989009	0.885187183393395	0.0302394273414229	0.0293536180043932	0.055219771260789	0.794121309154951	0.0380745564464802	0.00211534703553501	0.165688787363033
0.757747041579019	0.183305604365692	0.0433906136103923	0.0155567404448967	0.812185683897099	0.0813193884015683	0.0266357773999439	0.0798591503013892	0.219391087442958	0.778533269909407	0.000705565457068375	0.00137007719056688	0.908475606132953	0.0258680549648465	0.0656563389022008	0.945372420295734	0.0266076996502347	0.0280198800540313	0.918960784544763	0.0516059880111043	0.00401376037437328	0.0254194670697595	0.817124813034113	0.0387040286484235	0.00113640770860241	0.143034750608861
0.783938695999844	0.149100572881313	0.0486071239609756	0.0183536071578669	0.798130933065214	0.0978149744031676	0.0208533968825367	0.083200695649082	0.264039186842292	0.729745805951868	0.00120628617299032	0.00500872103284943	0.922507863516618	0.0193877499146166	0.0581043865687651	0.927152526883575	0.0249219442829806	0.0479255288334447	0.8175486694304	0.0626183522190021	0.0543778866289652	0.0654550917216322	0.816411690789531	0.0300862736986946	0.00145176870140437	0.15205026681037
0.775317724474766	0.175166171091703	0.0341486684632946	0.0153674359702353	0.786527632698999	0.0804838337853404	0.0311812230345254	0.101807310481135	0.240090137738089	0.754042407995543	0.00236226111183473	0.00350519315453376	0.941892874630364	0.0221959958204908	0.0359111295491449	0.919812427155065	0.0412402604621023	0.0389473123828323	0.824196514759673	0.0343633549266054	0.0321486596982292	0.109291470615493	0.835097302597432	0.0423187448360696	0.000513358532971642	0.122070594033527
0.800031080547372	0.131212237333228	0.0433910977720407	0.0253655843473595	0.785509851711639	0.101003601483734	0.0284232379186329	0.0850633088859935	0.245881279384739	0.749676164301225	0.00145827247306341	0.0029842838409728	0.929993853351681	0.0248860305686106	0.0451201160797081	0.928213908419834	0.0318727797230503	0.0399133118571158	0.840139317237635	0.0695805218558033	0.0184409654818314	0.0718391954247306	0.797704610061836	0.0308281244402829	0.00202230642809796	0.169444959069783
0.79541148539011	0.152245197391792	0.0482876720556938	0.00405564516240487	0.797841630577014	0.0802723734715768	0.025415570046362	0.0964704259050469	0.251914330399135	0.746624242486535	0.00117200715365091	0.000289419960678097	0.943235232656164	0.0183452459887357	0.0384195213550998	0.953937525917342	0.00899280449660271	0.0370696695860549	0.865943848890676	0.0473508678033999	0.0130332759126472	0.0736720073932772	0.837850577046483	0.0360960317948551	0.00105127145629597	0.125002119702366
0.786727206614332	0.14848931619363	0.0498159200745003	0.0149675571175374	0.812909964365185	0.0757704027373731	0.0253252288566463	0.0859944040407955	0.209494117036896	0.784044550076838	0.00372806754125145	0.00273326534501437	0.932657875200528	0.0266180378332653	0.0407240869662066	0.941019233963115	0.0205709146368405	0.0384098514000448	0.877721846925041	0.0474120785757563	0.00349861759306195	0.0713674569061406	0.816429730339602	0.0342234120385583	0.000133211469327447	0.149213646152512
0.76762028820411	0.150606302224823	0.0530066882308255	0.028766721340241	0.795403838226244	0.0916547961244972	0.0268843470480172	0.086057018601242	0.232421956174608	0.764849761148063	0.00120925150918756	0.00151903116814153	0.929002067048988	0.0230828660927071	0.0479150668583049	0.920819893824704	0.036740362100439	0.0424397440748566	0.846361365852993	0.0612840772670374	0.0206156829951066	0.071738873884863	0.840951005788717	0.0268808746820179	0.00101587838053639	0.131152241148728
0.756805812819198	0.159427804764454	0.044775290007898	0.0389910924084496	0.803561713344505	0.0869189035565681	0.0276103910418663	0.0819089920570605	0.234612262508709	0.755122017539455	0.00533462932080258	0.00493109063103381	0.925498984119142	0.0159792812566477	0.0585217346242105	0.946983146164776	0.00308556591081754	0.0499312879244064	0.88625089896269	0.0397921159002903	0.0196060351478398	0.0543509499891802	0.836134506749967	0.0330920073732036	0.00272231787327591	0.128051168003554
0.774033718528791	0.156426163034279	0.0428481379438898	0.0266919804930401	0.813884631556338	0.0796159680481401	0.033385494401293	0.0731139059942287	0.259352265238213	0.737931199556322	0.0001300304367559	0.00258650476870977	0.924854426262717	0.0216014980692841	0.0535440756679985	0.938088030088385	0.0236234937806011	0.0382884761310137	0.842314527119646	0.0215119390679518	0.0410504199766654	0.0951231138357367	0.837695731598383	0.036067256594659	0.00233063528010756	0.12390637652685
0.783310860673895	0.140498359964004	0.062942495144271	0.0132482842178301	0.821715703239416	0.0744558840949261	0.0270999456257134	0.0767284670399448	0.229021512172435	0.761798510751398	0.00405971147714942	0.00512026559901742	0.925564585459557	0.0255438243253251	0.0488915902151178	0.949271711205759	0.00871767030025822	0.0420106184939833	0.883915334064233	0.035931054835286	0.0183132808386216	0.0618403302618597	0.83955131623506	0.030613966385353	0.00116911533869905	0.128665602040888
0.782389293761472	0.158862995394401	0.0496228504473454	0.00912486039678227	0.823404557557363	0.0780952355787996	0.0262555340494138	0.0722446728144235	0.275027389059458	0.719609370114318	0.00029578580945627	0.00506745501676794	0.929077142350997	0.0229475508233263	0.0479753068256763	0.9064248721701	0.0398073775544175	0.0537677502754821	0.873857357536592	0.05711218855536	0.0334884928866914	0.0355419610213563	0.818283793969153	0.0366907981869288	0.00349506313363589	0.141530344710282
0.762002764502465	0.160121145230477	0.0520248094798476	0.0258512807872101	0.803202149470416	0.0855839641436387	0.0192394541653219	0.0919744322206235	0.264240728636591	0.734142958269939	0.00106065952778835	0.0005556535656813	0.952939144693997	0.0223550201016433	0.0247058352043597	0.945566898023501	0.0119396455947584	0.0424934563817408	0.880072573958127	0.0265605999183625	0.0333086311613747	0.0600581949621359	0.840235365792557	0.0411940497471905	0.00564126743751617	0.112929317022736
0.7838278549745	0.140556317762184	0.0544179024941449	0.0211979247691715	0.795481452853638	0.0802947520978818	0.0317330970337405	0.0924906980147391	0.230223134026273	0.763160577954846	0.00162285572336037	0.00499343229552073	0.947207233277866	0.0232671095299848	0.0295256571921493	0.919376512352234	0.0335006511453442	0.0471228365024214	0.866616171492889	0.0435139044451251	0.0313930874156269	0.0584768366463583	0.810844785226109	0.0388475506610751	0.00533950006760992	0.144968164045206
0.765229978591534	0.148118518357931	0.0530120045581174	0.0336394984924179	0.798107666008685	0.0831018207403941	0.0272838046420516	0.0915067086088689	0.257395184019531	0.742139988952622	0.000424425645756218	4.04013820913604e-05	0.927298948342362	0.0196131823846223	0.0530878692730154	0.899930395283235	0.0224777152244619	0.0775918894923034	0.861940672066808	0.0445576779447189	0.0167751315357011	0.0767265184527724	0.819342252453214	0.03633632309085	0.00253001719102936	0.141791407264906
0.789058790554618	0.140551886184369	0.0467185373223355	0.0236707859386772	0.787010090534628	0.0819658938035022	0.0203537626923227	0.110670252969547	0.220618558277691	0.774484755249872	0.00144575666591979	0.00345092980651713	0.923621945199768	0.0145722852611784	0.0618057695390537	0.933735530480483	0.0150481035084306	0.0512163660110866	0.83875817691361	0.045835488690335	0.0461638532324704	0.069242481163585	0.847567142540699	0.0282658725946949	0.00170434553927211	0.122462639325334
0.815965908678001	0.124023382823792	0.0435952727020119	0.0164154357961955	0.823766665738368	0.0762406993181792	0.0274750497174	0.0725175852260528	0.257703468404935	0.741385173248767	0.000672801783736741	0.00023855656256145	0.945766946025855	0.0213742349408068	0.0328588190333378	0.952855092765043	0.0226015962543875	0.0245433109805691	0.904837785315794	0.0424409351575599	0.00557642781538942	0.0471448517112565	0.870718331199413	0.0369984821869434	0.00266784122104094	0.0896153453926029
0.785644763519399	0.14732249185567	0.0441341645886077	0.0228985800363232	0.816566264017405	0.0810896183647295	0.0288188471946183	0.0735252704232468	0.204595994434598	0.790354098261404	0.00241218386718493	0.00263772343681299	0.918282100556291	0.0278100207047481	0.0539078787389605	0.906107418096444	0.0434841101724295	0.0504084717311265	0.856641439441118	0.0556558055709559	0.0289458498473107	0.0587569051406149	0.801092325043743	0.0264869953649903	0.0020272403687849	0.170393439222482
0.778792777854061	0.148769438236535	0.0500092389542261	0.0224285449551782	0.817614801121984	0.0759687151802824	0.0238294587221519	0.0825870249755818	0.230022135170441	0.764736849019948	0.00288189450837541	0.00235912130123597	0.936449938690863	0.0271405694032632	0.0364094919058741	0.948716535074564	0.0205482383259758	0.0307352265994598	0.866669839294507	0.032689058245485	0.00920468517653156	0.091436417283476	0.840132149385725	0.0402317940024263	0.00232099550435669	0.117315061107492
0.768285446014768	0.147601512559634	0.0424013833740988	0.0417116580514998	0.810053922639521	0.0789316318660249	0.0316038343623212	0.0794106111321325	0.273274112246165	0.719930652563113	0.0058355816734157	0.000959653517306486	0.935403916898479	0.0210676069584114	0.0435284761431091	0.931076641798127	0.0272715073943393	0.0416518508075336	0.85199236150147	0.0274402151016135	0.0516292954354407	0.068938127961476	0.827156522142968	0.0338115005238735	0.00512200874606134	0.133909968587097
0.809468462637089	0.130393435734086	0.049990467956101	0.0101476336727236	0.814171869220351	0.0797663303792915	0.025547166461275	0.0805146339390825	0.246947178415964	0.747347401893358	0.000797529510596966	0.00490789018008067	0.914874432140693	0.0212418894339971	0.0638836784253099	0.926917700387953	0.0109457005480348	0.0621365990640119	0.862542623079028	0.0369789890437816	0.0209043415700679	0.0795740463071225	0.834312356508438	0.02648818457627	0.00389344436340531	0.135306014551887
0.77919672916064	0.141419015750577	0.0496138881555508	0.0297703669332325	0.795557943927593	0.0881555073205128	0.0330262117651826	0.0832603369867117	0.263383817659107	0.733503425335629	0.00281196456199952	0.000300792443264712	0.939595876480147	0.0223044345446221	0.0380996889752306	0.914460461609031	0.0325085617805057	0.0530309766104632	0.869773782864805	0.0426500707597105	0.000852143823232988	0.0867240025522511	0.806950434985099	0.0353065390354901	0.000590941159510268	0.157152084819901
0.7772947072214	0.152011902164097	0.0532498104015383	0.017443580212965	0.809786910687924	0.0808252640596905	0.0279364022568752	0.0814514229955105	0.269568180335867	0.727938826969705	6.08418192377601e-06	0.00248690851250462	0.92946786510337	0.0219381478075627	0.048593987089067	0.901526916162761	0.0364523051958638	0.0620207786413751	0.869089705707202	0.0599217956804856	0.0100501241848962	0.0609383744274157	0.836171840087743	0.0358750014375685	0.00376639836783273	0.124186760106855
0.792348260744539	0.129317111181272	0.0489060089389401	0.0294286191352495	0.790759812722927	0.0845278628330421	0.0281486025389489	0.0965637219050819	0.208621903673681	0.785602468943331	0.0018909012634191	0.00388472611956957	0.958446838381936	0.0122384448781301	0.029314716739934	0.922480090045961	0.027846720016981	0.0496731899370578	0.859512680358989	0.0326010758186038	0.0378048156958946	0.070081428126513	0.831767080868809	0.0389757514617286	0.00901670857826409	0.120240459091198
0.795771071626429	0.136829088073055	0.0559438368239012	0.0114560034766157	0.82780275430582	0.0604912880805106	0.0196368611733749	0.0920690964402949	0.271559108830952	0.722824002897575	0.00349308760254273	0.0021238006689299	0.939816790866317	0.0173321653595223	0.0428510437741602	0.949873382433093	0.00420205596643793	0.0459245616004692	0.835332743287455	0.0551861653054644	0.0374161343055789	0.0720649571015015	0.82365969609776	0.0362361126279047	0.00296242556615407	0.137141765708182
0.765620862107988	0.167130238939696	0.0465344867111544	0.020714412241162	0.809232364244762	0.0736527209031996	0.0310518776314362	0.086063037220602	0.28174837296258	0.707230587358499	0.00558634015637867	0.00543469952254162	0.94571308263104	0.0155247617634973	0.0387621556054623	0.946152687311303	0.0129589788466673	0.0408883338420295	0.823335687777107	0.0651507524493997	0.0316754581186815	0.079838101654812	0.777407508317403	0.0420593233476985	0.00724292919065045	0.173290239144248
0.778188829989414	0.153044556966586	0.0478398243967504	0.0209267886472504	0.808770424484588	0.0866732628751263	0.0310074338520615	0.0735488787882241	0.230930723357368	0.762480923033727	0.00295000674005522	0.00363834686884985	0.955816077571816	0.0116212422669119	0.0325626801612717	0.939226737118458	0.0162308610846644	0.0445424017968774	0.838875126437811	0.0548961072991698	0.027107389048885	0.0791213772141339	0.798382934057696	0.0252251877077008	0.00120144816778186	0.175190430066822
0.78869453866807	0.138041322479463	0.0515338146868871	0.0217303241655794	0.793759957032474	0.0910181694472877	0.0206641863896451	0.0945576871305933	0.257684035775837	0.738019566179274	0.000908364537796445	0.00338803350709165	0.914060432308644	0.0219525690269622	0.0639869986643938	0.955509908676039	0.00645538889999022	0.0380347024239706	0.847287720007021	0.0343687047811763	0.0410931788692194	0.0772503963425829	0.812313522339474	0.0287743693904106	0.00159491905697277	0.157317189213143
0.772355235986187	0.155725025255846	0.0476131219424923	0.0243066168154745	0.826452550831673	0.0729451635341	0.0269714058639979	0.0736308797702291	0.227487750859718	0.769066065414134	0.000346412556394189	0.00309977116975426	0.92178071730696	0.0229497744125211	0.0552695082805193	0.902134317446957	0.0413795640176629	0.0564861185353797	0.863338803102925	0.0478064088668571	0.0169913269984852	0.0718634610317327	0.833733911106715	0.0362939961222462	0.00359018183592305	0.126381910935115
0.758900491113057	0.152833543826083	0.0506480752078405	0.0376178898530187	0.795666645754208	0.0924141650761811	0.0304392166261452	0.0814799725434657	0.255415649338773	0.741715589977533	0.000509577616964362	0.00235918306672916	0.935540284873199	0.0202162105167494	0.0442435046100521	0.950727688027026	0.0108054577490624	0.0384668542239112	0.870615142241044	0.0417784053409028	0.0188307741655994	0.0687756782524541	0.816523383741282	0.0470714721049836	0.0022400473822995	0.134165096771435
0.772135250835591	0.141718481178151	0.0497784010684696	0.0363678669177878	0.811039386319707	0.0830354356628288	0.0169380166867118	0.0889871613307522	0.26132771040881	0.732402916403746	0.00217096266985942	0.00409841051758452	0.930184025374511	0.0185534207515347	0.0512625538739538	0.964385041657201	0.00131178632207008	0.0343031720207289	0.900954702574623	0.0413914728872425	0.00209206983642507	0.0555617547017091	0.811239593339823	0.0358697806050385	0.00310137321103717	0.149789252844101
0.743698222500971	0.159512294471948	0.0617599110032677	0.035029572023814	0.795910572425185	0.0902907784067985	0.0258868599824869	0.08791178918553	0.240969899591328	0.755022764420103	0.00110304368241385	0.00290429230615534	0.939972360092875	0.0234567047469771	0.0365709351601481	0.955305156154584	0.0102931413509773	0.0344017024944385	0.824607395869198	0.0395896471712699	0.0316533993373359	0.104149557622196	0.791601531427271	0.036075248144998	0.00533725292485118	0.16698596750288
0.748709696591906	0.169241271244349	0.0494968844468218	0.0325521477169229	0.803337340492744	0.0746450628726135	0.0277899736365986	0.0942276229980443	0.19794892257158	0.799605329209512	0.00176853995949631	0.000677208259411783	0.935748100354794	0.0259997291813494	0.0382521704638563	0.936157399828556	0.00934896058008781	0.0544936395913561	0.874401331153599	0.0498459909675227	0.0162582643814848	0.0594944134973935	0.85594285137688	0.0319774452857038	0.00144010588968588	0.11063959744773
0.788716265331051	0.146348636986414	0.0402762699522161	0.0246588277303189	0.803723626872225	0.0748933682820313	0.0304082524608504	0.0909747523848932	0.175737150874765	0.821868190336398	0.0017402799971066	0.000654378791730256	0.938774831819996	0.0215990345385303	0.0396261336414739	0.920803539843997	0.02015961481507	0.059036845340933	0.921567033764829	0.0216939378976998	0.000606955409236543	0.0561320729282344	0.835875957042094	0.0365066291270768	0.000648419083241424	0.126968994747588
0.800478536580957	0.140000856876868	0.0490746751529596	0.0104459313892146	0.794861667168785	0.0901744869276623	0.0320310414690446	0.0829328044345083	0.26256179777634	0.728449593175664	0.00618897946985046	0.00279962957814524	0.938643590362884	0.0158740657740585	0.0454823438630574	0.956840506700436	0.00504286523445087	0.0381166280651135	0.816993669514184	0.0511039030313276	0.0473912907039418	0.0845111367505468	0.864416295269933	0.0411945999390933	0.00287676945269419	0.0915123353382793
0.778825633410057	0.148473018263	0.0533691518703332	0.0193321964566098	0.802886495715533	0.0693719181302041	0.0343305520398721	0.0934110341143904	0.232491460918375	0.765915540795069	0.00123773732749009	0.000355260959065963	0.923462420237428	0.0256394227558026	0.0508981570067699	0.940345176139016	0.0145381617963471	0.0451166620646365	0.851547963768935	0.0412417459168969	0.0344175540420432	0.0727927362721245	0.807759524113318	0.0282683444767145	0.00165773276110886	0.162314398648859
0.774201831682913	0.148128698099679	0.0448191434476635	0.0328503267697439	0.809178993854256	0.0803361266061794	0.0258011837661555	0.0846836957734093	0.264888692794691	0.731086566261396	0.00194121020341247	0.00208353074050068	0.927603483503732	0.0218109761491431	0.0505855403471251	0.941404962157365	0.0187998367606587	0.0397952010819759	0.866142560569849	0.0341535863669767	0.0150193826850613	0.0846844703781135	0.814648524571207	0.0355158998759567	0.00186121049982691	0.147974365053009
0.790282063629957	0.138051544049056	0.0406931459036381	0.030973246417349	0.80283314347778	0.0840623126719966	0.0325671513056491	0.0805373925445743	0.305098359095257	0.688808181869541	0.00347480336290383	0.00261865567229829	0.926563036871282	0.0199008110445118	0.0535361520842058	0.898180167719949	0.0275884225157481	0.0742314097643029	0.83916391357717	0.0522647928852869	0.0278240479962846	0.0807472455412586	0.86677540587785	0.0315281300619559	0.00223047987377648	0.0994659841864173
0.784043948087311	0.134281530549443	0.0528237803676267	0.0288507409956195	0.808320426264415	0.0826559033721325	0.0241974040344969	0.0848262663289559	0.292070020777507	0.706048719465613	0.000812996527353841	0.0010682632295254	0.935425161614727	0.0191873485413555	0.0453874898439172	0.949636169845783	0.00590062014590538	0.0444632100083112	0.839900281655867	0.0596645377098322	0.0619899286863294	0.0384452519479718	0.832548102439977	0.0258912648183424	0.0017705200419212	0.139790112699759
0.774530278130549	0.14622278525368	0.04566053226903	0.0335864043467403	0.806727285153138	0.0800528630351053	0.0318749786306408	0.0813448731811159	0.232185109566646	0.765917644637794	0.000345862205722697	0.00155138358983691	0.924099589968696	0.0257735978173014	0.0501268122140027	0.906723883287761	0.0345748176875005	0.0587012990247382	0.89885490005436	0.0213845806011251	0.00883106436240738	0.070929454982107	0.791318156249498	0.0343839908050844	0.00532603859519075	0.168971814350227
0.788908897449964	0.141760775356187	0.0567352685966359	0.0125950585972131	0.807538218764924	0.0888056350212978	0.0248607675290918	0.0787953786846861	0.253216267214113	0.740391099382096	0.00388032821106688	0.00251230519272448	0.954507535516293	0.0231500735792823	0.0223423909044252	0.924577604079266	0.0239493329629616	0.0514730629577726	0.843370537870309	0.0513370797740313	0.0428963943695168	0.062395987986143	0.812863796083004	0.0390208439089435	0.00393317511211576	0.144182184895937
0.765753977134224	0.153215548384008	0.0468940737084687	0.0341364007732988	0.802990073229985	0.0747830601676422	0.0245820758703107	0.0976447907320627	0.244232509185297	0.746325108856707	0.00635758027827681	0.00308480167971928	0.930818775965269	0.0167265349546251	0.0524546890801063	0.948702123531831	0.0226624319344982	0.028635444533671	0.877641802207446	0.0485365717730323	0.0306280706356166	0.0431935553839052	0.82549538066289	0.0262182747023565	0.00446376737582077	0.143822577258932
0.764454657502291	0.146870569754744	0.0512039799300187	0.0374707928129465	0.799639175650313	0.0809346640589971	0.031904049558645	0.0875221107320452	0.271808178106975	0.719546408454606	0.00321657513443981	0.00542883830397936	0.956466143497807	0.0214331404790974	0.0221007160230958	0.912833529788986	0.0243653222621988	0.0628011479488152	0.852065517508261	0.0233916119349407	0.0572953274254638	0.0672475431313347	0.875195449815255	0.031963159495502	0.0032768892337473	0.0895645014554954
0.774991204701546	0.138522866345049	0.0481307877710158	0.0383551411823897	0.812476131956303	0.0758297878436733	0.028428354797388	0.0832657254026357	0.236362955991386	0.76051185049538	0.00256550986828026	0.000559683644953631	0.948280853493938	0.0243472604409314	0.0273718860651306	0.938185730131199	0.0139279713092903	0.0478862985595103	0.837359933221085	0.0365375118794202	0.0477191360888583	0.0783834188106366	0.815444571291085	0.0346504108153	0.000404305773178543	0.149500712120437
0.773760630632354	0.152763282755436	0.0478608306891871	0.0256152559230221	0.804892231586585	0.0782788788271431	0.024143597691433	0.0926852918948388	0.25682665324594	0.740436116284591	0.00202633694564598	0.000710893523823265	0.942481778618305	0.0174995842608147	0.0400186371208802	0.917724445212877	0.0170268654506755	0.0652486893364474	0.865230568121015	0.0510272779450876	0.0354895877172281	0.048252566216669	0.827670048591072	0.0397673004258195	0.000221635477615326	0.132341015505493
0.777328597003845	0.136720763733962	0.0494829148934855	0.0364677243687074	0.802608816397478	0.0869723095163555	0.0256481353610503	0.0847707387251157	0.299006567000108	0.697476432996304	0.000272729005811724	0.00324427099777555	0.93814400491806	0.0152850572050051	0.0465709378769344	0.920915179831114	0.0256130080783097	0.0534718120905764	0.802494453581612	0.054430879816823	0.0766265618382498	0.0664481047633155	0.827532930395335	0.0264277860631724	0.000914527677775051	0.145124755863717
0.800998264542636	0.138875210842293	0.0544616208157754	0.00566490379929576	0.819525616954851	0.0674233099527576	0.0250040049794418	0.0880470681129495	0.244917044953284	0.749776872097759	0.00155093999683154	0.00375514295212583	0.917242478162979	0.0230999974052037	0.0596575244318173	0.912033540289859	0.0296232846885053	0.0583431750216359	0.857220895130108	0.0351071239109271	0.0277849695881153	0.0798870113708491	0.850860634653756	0.0359017542143077	3.7796718314625e-05	0.113199814413622
0.757763438006897	0.153728352934966	0.0524850103610728	0.036023198697064	0.810442032906643	0.0715466831530368	0.0266056286172494	0.0914056553230709	0.244110022850748	0.750070472889525	0.00238801374169511	0.00343149051803138	0.943228691441703	0.0221295470435474	0.0346417615147497	0.921829585444032	0.0209978575242007	0.0571725570317678	0.8851918423374	0.0462289076431403	0.011331298697248	0.0572479513222115	0.83837664144699	0.0336984127210967	0.000994585904017782	0.126930359927896
0.774941578780945	0.144032479865067	0.0580794920518245	0.0229464493021645	0.813147924186262	0.0713225917785702	0.0285323495684152	0.0869971344667528	0.252606318635493	0.743443012142424	0.00158096747894638	0.00236970174313677	0.927481889287371	0.0292378554211272	0.0432802552915023	0.918856059254023	0.0113652085933869	0.06977873215259	0.839486469919553	0.0478252066062181	0.0364510951978585	0.0762372282763705	0.830155757509431	0.0332451046836651	0.00488454260952227	0.131714595197382
0.775186966980088	0.138856676661495	0.0594184406440089	0.0265379157144075	0.826496994453213	0.0774261190091795	0.0286494981520252	0.0674273883855823	0.281837569175678	0.712468468341094	0.00211947688163143	0.00357448560159641	0.939176105011164	0.0232942266264101	0.0375296683624261	0.928585443374564	0.0240457674791226	0.0473687891463135	0.816254506120039	0.0368096227249039	0.0698778499837006	0.0770580211713562	0.827696532818536	0.0309923410442534	7.76385845119277e-05	0.141233487552698
0.78731936318427	0.144097663864756	0.0482876031091027	0.020295369841871	0.812951283306894	0.0820695460656394	0.0251064861674182	0.0798726844600483	0.213153070141439	0.782733923132291	0.00372651483432673	0.000386491891943446	0.954160238550924	0.0206202196616813	0.0252195417873946	0.925426561810806	0.0306191081072723	0.0439543300819215	0.858103165895832	0.0482477727293534	0.0334552447801548	0.0601938165946599	0.841905756296827	0.0333314029724784	0.00180727554589972	0.122955565184795
0.815317623457599	0.125323943385605	0.0543312090406241	0.00502722411617184	0.789968011051269	0.0849994239282146	0.0244023736107019	0.100630191409815	0.268857868513901	0.730581392408264	0.000550617461717724	1.01216161171437e-05	0.945560236905221	0.0200375338652931	0.0344022292294863	0.941050547170701	0.0113109105914801	0.047638542237819	0.866660849286636	0.0415058189445428	0.0587228449139616	0.0331104868548593	0.837084364854086	0.0334893056325213	0.00464480802432054	0.124781521489072
0.751654069927616	0.161828266029577	0.0456633901710435	0.0408542738717642	0.79341747596456	0.0874237809922224	0.0285493337933865	0.0906094092498311	0.252050331447608	0.744421204583654	0.000589150948578977	0.00293931302015919	0.93544340204565	0.0233005695766872	0.041256028377663	0.938777500487757	0.0219255041041225	0.0392969954081208	0.817187373731005	0.0362870633629961	0.0404727549737616	0.106052807932237	0.844166583497008	0.0412518310136746	0.00337496771005684	0.111206617779261
0.75232128943071	0.16529063623727	0.0497130509234175	0.0326750234086033	0.817191755763539	0.0621577919550475	0.0301447058743737	0.0905057464070403	0.272801515555174	0.72410090085819	0.00267686054625576	0.000420723040380095	0.944904004351856	0.0131974690456181	0.0418985266025255	0.936762929810057	0.013487044241722	0.0497500259482207	0.809019414089281	0.0598150638416886	0.0608035907306544	0.0703619313383759	0.837884556535185	0.0432460002382409	0.00351384230504832	0.115355600921525
0.794606307667244	0.132863697119913	0.0538009416595948	0.0187290535532475	0.814706739555814	0.0800889596619504	0.0279949244851848	0.0772093762970505	0.26086721042351	0.734835600181248	0.00191528337551103	0.00238190601973113	0.901625125069887	0.0252532075421921	0.073121667387921	0.935449252013017	0.0266957383998043	0.0378550095871789	0.846812645400837	0.0373506380092572	0.0369375731595387	0.0788991434303673	0.834504099873221	0.0354445173019197	0.00516250743324073	0.124888875391619
0.785027980812513	0.13148447572157	0.0524621815705236	0.0310253618953935	0.798187483056109	0.0872312064752769	0.0267808625445343	0.0878004479240802	0.294816844780429	0.69861503834329	0.00622268245097312	0.000345434425307192	0.957523120646586	0.0140382593587843	0.0284386199946295	0.940478459624374	0.0159094948322369	0.0436120455433892	0.864524579729732	0.0371817760338784	0.0344295506391756	0.0638640935972138	0.85054387473828	0.0391073906566523	0.00260660840148088	0.107742126203587
0.796976772035653	0.136737418952504	0.0538325652143965	0.0124532437974466	0.791010036773289	0.083764660430526	0.0335686909652936	0.0916566118308911	0.193543452698611	0.796832945724645	0.00696071143208893	0.00266289014465563	0.924849344810883	0.0186809244299826	0.0564697307591345	0.94118450147704	0.02031973899588	0.0384957595270795	0.854480894854213	0.0344212168431147	0.0355526875770701	0.0755452007256018	0.865781853865883	0.0278529983254958	0.000197748343783568	0.106167399464838
0.786999811605765	0.119093689483251	0.0653829226407138	0.0285235762702704	0.830862069241152	0.0655288729679373	0.0228023126820546	0.0808067451088557	0.259270944593315	0.731715652925271	0.00774831074110553	0.00126509174030745	0.931654718714215	0.0173275156872602	0.0510177655985253	0.942628441267161	0.0100317371341631	0.0473398215986755	0.814305318433892	0.0502522910436953	0.0472869594157334	0.0881554311066798	0.863033699363975	0.0332268651520342	0.00145323675268037	0.10228619873131
0.817579241829619	0.130678180964285	0.0369979473468771	0.0147446298592186	0.802076112069235	0.080287321187613	0.0249956182499002	0.0926409484932521	0.254118758595752	0.737782505522175	0.00177917271465268	0.00631956316742037	0.959716911091121	0.0105574701323573	0.0297256187765214	0.935290036717735	0.0220459351442208	0.0426640281380441	0.852757172800897	0.0413503068283229	0.0114257378536856	0.0944667825170944	0.826744110587504	0.0378900593009369	0.000165320133255528	0.135200509978303
0.765117866933584	0.140963868255821	0.0615185036715574	0.032399761139038	0.793021576730014	0.0815943396785608	0.0253447976462826	0.100039285945142	0.200149170374766	0.795665430922322	0.000709099045091512	0.00347629965782117	0.948164801577643	0.0180391060807088	0.0337960923416479	0.932195271397965	0.0157300510223123	0.0520746775797223	0.835070643755941	0.0383538492528726	0.0565360245440763	0.0700394824471103	0.789938359317249	0.034051984838263	0.00442517913467238	0.171584476709816
0.78502936936032	0.137871956673333	0.0577995349436292	0.019299139022717	0.805106994253377	0.0724973614940704	0.0231093043250792	0.0992863399274736	0.307074759048455	0.683166432602846	0.00395829579660989	0.00580051255208922	0.927190598699734	0.0255627008036691	0.0472467004965971	0.939740247233556	0.011976479267329	0.0482832734991148	0.820816645862579	0.0396186016254929	0.0762480525700302	0.0633166999418977	0.828653605028674	0.0343931096469954	0.00520270279409511	0.131750582530235
0.798282263022585	0.135196820574514	0.0423527421480264	0.0241681742548748	0.815147999897429	0.0755586986973192	0.0280134999716696	0.0812798014335827	0.271169857248452	0.722855987179537	0.00318901690334721	0.00278513866866418	0.938301118606594	0.0170543339501701	0.0446445474432362	0.916769977326113	0.0209728284777251	0.0622571941961615	0.825788856802582	0.0414064662311903	0.0433424032393373	0.0894622737268904	0.829741813845571	0.0444812717379093	0.00179362754310089	0.123983286873419
0.80349829914438	0.135399658089182	0.0464822512701734	0.0146197914962651	0.795469713225731	0.0799782781889871	0.0337033312086012	0.0908486773766802	0.25147717371752	0.743736389421058	0.00115543177247666	0.00363100508894579	0.932786229781194	0.0158254907159335	0.0513882795028726	0.934793603838217	0.0221426125396032	0.04306378362218	0.822017530664542	0.0374574827058757	0.0388069148697439	0.101718071759838	0.810231868030314	0.0335683642611189	0.000379406981087004	0.15582036072748
0.801876168954474	0.125148311765749	0.0510790873801681	0.0218964318996094	0.817824266214622	0.0758923756769454	0.0284274264306324	0.0778559316778005	0.252110835173156	0.745412041173919	0.00186977384198732	0.000607349810937313	0.939882746177111	0.0228514940498384	0.0372657597730502	0.951407893612289	0.00740788520305969	0.0411842211846514	0.841579291515772	0.044162590468468	0.0398729836287089	0.0743851343870515	0.841708685205088	0.0345349641811695	0.00368528603817169	0.120071064575571
0.778442102625375	0.134438407415951	0.0563450413965923	0.0307744485620816	0.821593584741288	0.0796554819675644	0.0352629159249858	0.0634880173661623	0.239168765728997	0.757765820123186	0.00278555117594618	0.000279862971871099	0.942162740847713	0.0239803189462148	0.0338569402060723	0.957751649702192	0.0033851087166752	0.0388632415811325	0.850727071527039	0.0557247382029858	0.0441872256274772	0.0493609646424981	0.818576340531796	0.036401089133283	0.00211214839513119	0.14291042193979
0.780038954058238	0.140821878657575	0.0596405110295919	0.0194986562545957	0.826311803363776	0.0731680419095963	0.0219261283675013	0.0785940263591262	0.24548596000227	0.748581223203322	0.00577733603737487	0.000155480757033686	0.940902742698025	0.0212079056102235	0.0378893516917516	0.923156073136256	0.0302529199967449	0.0465910068669989	0.879362157750507	0.0461665748682914	0.000356268278973057	0.0741149991022281	0.820469964818582	0.0307425126363571	0.00194850772815805	0.146839014816903
0.785784834855155	0.146433623332485	0.0388135004048969	0.0289680414074623	0.793797790048639	0.0880110433018039	0.0293243659550831	0.0888668006944743	0.249115530896378	0.737054467392659	0.0106429683844463	0.00318703332651641	0.949550661565916	0.0155534969751407	0.0348958414589431	0.940902016148364	0.0109166492629206	0.0481813345887152	0.871643161929375	0.0330076571105405	0.0264629537296535	0.068886227230431	0.830365082526252	0.0350332340833707	0.00107745430107013	0.133524229089307
0.772640521049937	0.163414807888699	0.0490818849950085	0.0148627860663556	0.820122297188728	0.0775350494318273	0.0254334972864942	0.0769091560929506	0.218373019782791	0.775436295039146	0.000354167362908936	0.00583651781515471	0.932523262575122	0.0169737823653639	0.0505029550595139	0.951237279635426	0.0157160363806909	0.033046683983883	0.832374233985185	0.0447015942474672	0.0508345565047734	0.0720896152625744	0.819440541758222	0.0380415938154069	0.00309479655210142	0.13942306787427
0.776807052307749	0.146112102988337	0.052644318072278	0.0244365266316361	0.80152024674644	0.0888201339293268	0.0242721940292589	0.0853874252949739	0.230487231698542	0.763533912408305	3.58533123013751e-05	0.00594300258085186	0.935547278489642	0.0210608708278298	0.0433918506825281	0.909408384489118	0.0144521787710445	0.076139436739838	0.833349938330144	0.0500598868460285	0.0378916894265961	0.0786984853972318	0.843229215158585	0.0319542571713965	0.0035193362036145	0.121297191466404
0.784199084425429	0.129465131711052	0.0599205289031798	0.0264152549603397	0.788383078766551	0.0896258909993089	0.033580017827337	0.088411012406803	0.239888442412218	0.755728810172324	0.00332245081530867	0.00106029660014892	0.896251161713309	0.0289390379936354	0.0748098002930558	0.907545542949159	0.0453824783847816	0.0470719786660594	0.834101693947213	0.044448054920549	0.0444346157155974	0.0770156354166412	0.839531045102193	0.0356987468874334	0.00271053210823375	0.12205967590214
0.780913078961376	0.162411396044618	0.0498307266261969	0.00684479836780942	0.836455963721892	0.0794931655031311	0.0236972237778761	0.0603536469971004	0.259242332595494	0.737376377551498	0.00154203700754822	0.00183925284545986	0.938808956427639	0.0190502981469999	0.0421407454253615	0.945026725340739	0.00984240481208593	0.0451308698471756	0.840428845874854	0.0439449901062828	0.0385418629918961	0.0770843010269665	0.820665671454089	0.0271296882763394	0.00288850350351441	0.149316136766057
0.796189026876745	0.151180341814727	0.0407754949830062	0.011855136325522	0.816349008874565	0.0852776682178546	0.0247444677984109	0.0736288551091693	0.303884037896068	0.686366475819415	0.0071707454074094	0.00257874087710778	0.928396496245344	0.0217925122497508	0.0498109915049057	0.941038146153841	0.00713995402766773	0.0518218998184912	0.831151770959128	0.0390513918959335	0.0697868706327248	0.060009966512214	0.844720528908321	0.0315554249641574	3.99681999202893e-05	0.123684077927601
0.748595598049797	0.180544133835666	0.0494277679824814	0.0214325001320558	0.792255997399768	0.0901176586018835	0.0221820871182559	0.0954442568800924	0.228451060101394	0.764818432179727	0.0021643563182743	0.00456615140060449	0.933673488069497	0.0203766743367298	0.0459498375937734	0.963940023422176	0.0079129338172214	0.028147042760603	0.837831167399253	0.0462325689880919	0.0577528938762614	0.0581833697363939	0.851200534660183	0.0375879912451022	0.00136937019064006	0.109842103904075
0.812112197945043	0.12302811044919	0.0561115578485346	0.0087481337572321	0.80386283613727	0.0823734904883626	0.0291943536515461	0.0845693197228217	0.243842364717858	0.751480087849122	0.00313065425945633	0.0015468931735638	0.931990079735659	0.0181502576836524	0.0498596625806887	0.950659790649856	0.00540156888014476	0.0439386404699994	0.873455896260047	0.0233483846401633	0.0144455119119129	0.0887502071878769	0.801081967773753	0.0362785883178059	0.00104784600897494	0.161591597899466
0.764571298208844	0.172808105040671	0.0496885757551272	0.0129320209953581	0.806942940287694	0.0754632844004124	0.0267388719628937	0.0908549033489995	0.273855517329269	0.724725815075603	0.000374108405909513	0.0010445591892187	0.927858936158685	0.0282440471328014	0.0438970167085138	0.905166293675371	0.0213222130302811	0.0735114932943476	0.864993339567199	0.0334160716405303	0.0302603211235086	0.0713302676687615	0.844529771182284	0.0340220934677609	0.0112240726219964	0.110224062727959
0.791895908507361	0.149298415258862	0.045547051634231	0.0132586245995457	0.79439667461812	0.0846988849678945	0.0257274129925736	0.0951770274214124	0.255599723627422	0.740951587580482	0.00325029449292044	0.0001983942991754	0.928875385347386	0.0331570849178129	0.0379675297348013	0.922823176940983	0.0364202694491876	0.040756553609829	0.860507725372954	0.0324292661654511	0.0513999011223635	0.0556631073392317	0.791010589938963	0.0344016154692642	0.000702414808813791	0.173885379782959
0.766209178129147	0.157161716707047	0.0561347321965694	0.020494372967237	0.815199567597949	0.0677785900752838	0.0223323099335601	0.0946895323932066	0.180808901681964	0.814285290514744	0.00442018285313339	0.000485624950158073	0.928839337543625	0.0194965523828583	0.0516641100735171	0.931367672086534	0.0308105941238683	0.037821733789598	0.886506563979467	0.058702066004858	0.0144012915126165	0.040390078503059	0.807427452559263	0.0225130468008631	0.00420081940774751	0.165858681232127
0.778213276968607	0.133597092117715	0.0515535508621078	0.0366360800515702	0.799215240728404	0.0791692236091658	0.0294084112973544	0.092207124365076	0.281999467590119	0.714847390540741	0.00113326674947695	0.002019875119663	0.947949610324965	0.0274654757178336	0.024584913957201	0.948520926350989	0.00979157535429832	0.0416874982947123	0.893393064382447	0.038400653209667	0.0174761244560645	0.0507301579518216	0.811849095189064	0.0373189148166534	0.00156357908944275	0.149268410904839
0.773587607017795	0.137081005164762	0.0503214898581392	0.039009897959304	0.793903095749423	0.0832253953098981	0.0252087739817704	0.0976627349589084	0.234705578074687	0.757645910208022	0.00548360892393759	0.00216490279335321	0.955454287221208	0.0125972008592084	0.0319485119195834	0.902697012365391	0.039654674352853	0.0576483132817564	0.847707816075724	0.0531575899510724	0.0255957906099238	0.0735388033632793	0.802321319938013	0.0361762458408997	0.00177640269238013	0.159726031528707
0.756636060408452	0.190867060323746	0.0487858973999261	0.00371098186787666	0.80305394212228	0.0815983154024064	0.0330213352767927	0.0823264071985209	0.275183762258849	0.720318475134571	0.00350275538431676	0.000995007222263144	0.924004505622563	0.026799221327902	0.0491962730495348	0.90882365763839	0.0432853651666054	0.0478909771950044	0.872161770196724	0.0414576136397517	0.0522243051163507	0.0341563110471738	0.825113528361472	0.0371679889371642	0.00166512871010378	0.13605335399126
0.820999915808295	0.121853374659594	0.0515702665631342	0.00557644296897681	0.814498319037286	0.0804116857474177	0.0214700587831398	0.083619936432156	0.238064427724202	0.760748377273483	0.000868320167197342	0.000318874835118035	0.929641328310594	0.024305914453634	0.0460527572357717	0.948208509297614	0.0121995233642154	0.039591967338171	0.820747635111065	0.0532929187788178	0.0403939579749781	0.0855654881351395	0.824180423085631	0.0344094916987061	0.00180428017187904	0.139605805043784
0.781386193319137	0.162867065352033	0.0460026895394642	0.00974405178936598	0.801666967755155	0.081314952334996	0.019684257923442	0.0973338219864068	0.277843387455304	0.718088149475198	0.000800199588824697	0.0032682634806741	0.947811286385035	0.021138725512413	0.0310499881025517	0.930961930558455	0.0335612270369011	0.0354768424046438	0.934546007922641	0.0065357029258627	0.027646288478496	0.0312720006730004	0.833111454483656	0.0366391557677433	0.00332604080392982	0.126923348944671
0.798191576352491	0.130652510298489	0.0420851395228202	0.0290707738261999	0.795121708218908	0.0804740443750575	0.0339974275446639	0.0904068198613702	0.240550633140864	0.755531371228377	0.00300675220038753	0.000911243430370973	0.938458584830427	0.0213221514419919	0.0402192637275813	0.937846959068753	0.0211653284288076	0.0409877125024391	0.835510572998109	0.048857348134019	0.0410443057168832	0.0745877731509885	0.830982504235281	0.0330564740057014	0.001322366298706	0.134638655460311
0.751254181936076	0.17627733353201	0.0447438470457503	0.0277246374861639	0.813460739395856	0.0674578485126874	0.0278941364492913	0.0911872756421657	0.234282872278657	0.760847828463712	0.00332428554681598	0.00154501371081439	0.93074944102117	0.0238190034902561	0.0454315554885735	0.917508514745353	0.0280691262887618	0.0544223589658848	0.836253509094705	0.054522831561446	0.038310677855929	0.0709129814879195	0.795328573054871	0.0383226176006397	0.00046251263446482	0.165886296710024
