0.67898193382353	0.173034650353777	0.0627562784367221	0.0852271373859708	0.779210224203906	0.0857838679675763	0.0396552429287669	0.0953506648997504	0.321895662942388	0.672068135513548	0.00211446573349943	0.00392173581056405	0.922590867899765	0.0403439753089077	0.0370651567913271	0.89187007474772	0.0400538176866605	0.0680761075656198	0.81214472277029	0.0368466601028096	0.0436878023347246	0.107320814792176	0.944340021821649	0.00267414141669595	0.003046599084157	0.0499392376774985
0.78206242543618	0.113163734736375	0.0385782628542731	0.0661955769731725	0.784811472363696	0.0859253206901994	0.0464871354103665	0.0827760715357382	0.32456121213241	0.673558933892348	0.00165671747568043	0.000223136499561402	0.916580450357594	0.0286235069198777	0.0547960427225287	0.899105896144393	0.038211778329287	0.0626823255263201	0.743371577504894	0.047794768868204	0.0166546338491351	0.192179019777766	0.912852719939434	0.0135541798835123	0.00186046108944049	0.0717326390876137
0.738245032719218	0.119705805607084	0.0586314243912113	0.0834177372824863	0.783923034893839	0.0795681060617845	0.0405812307310176	0.0959276283133584	0.31372078798883	0.680771639797884	0.00424295051074023	0.00126462170254525	0.904056181162341	0.0474142749613554	0.0485295438763033	0.916618689952922	0.0370820963039473	0.0462992137431307	0.860302078124208	0.0446443369163861	0.00863737285356169	0.0864162121058445	0.918348486824619	0.00151710645724589	0.00139634595724616	0.078738060760889
0.747011531034863	0.139216524939028	0.0524555950895511	0.0613163489365572	0.774489394770381	0.0928056951540415	0.0384901038454543	0.0942148062301228	0.297936210454575	0.691542216154483	0.00880174150459289	0.00171983188634907	0.912275977381686	0.0331008968925091	0.0546231257258048	0.911496401900419	0.0333710518067189	0.0551325462928624	0.800025993503762	0.0559922927491285	0.0322957545365958	0.111685959210514	0.87759052168071	0.0126750156238375	0.00217554103952609	0.107558921655927
0.733161306953563	0.146493624650678	0.0462557081235708	0.074089360272188	0.779829038160043	0.088865449864163	0.0418147574930835	0.0894907544827101	0.314041287593348	0.684564126273552	0.00122299384346473	0.000171592289634906	0.885123760862317	0.0556418367060976	0.0592344024315855	0.920236555434416	0.0380167453348677	0.0417466992307165	0.735841028813619	0.0375211250687764	0.0128119088988386	0.213825937218766	0.92561157550112	0.00901860450712613	0.0025075030695173	0.0628623169222364
0.756997015842925	0.13665844755951	0.0334861914017554	0.0728583451958091	0.78927721100937	0.0819280909972774	0.0381323407208071	0.0906623572725456	0.344262689784954	0.650802373075681	0.00251014171985245	0.0024247954195128	0.89720097249475	0.0662925825561941	0.0365064449490558	0.906876734728996	0.0379647122387945	0.0551585530322093	0.611631997774388	0.043689333936492	0.0946571154227276	0.250021552866392	0.902413044998031	0.0202545328574507	0.000480791618565692	0.0768516305259523
0.759679268434534	0.129716987819165	0.0379767195476183	0.0726270241986835	0.779374980346142	0.0833264844769267	0.0434784791067229	0.093820056070208	0.319109671018229	0.675505525573054	0.00317218279053902	0.00221262061817822	0.913843728047903	0.0330393925997405	0.0531168793523566	0.89783451813524	0.0361066239989038	0.0660588578658564	0.79581248579764	0.0444641602198703	0.041155751404969	0.11856760257752	0.897895395059671	0.0150138573575799	0.00196181423664665	0.0851289333461022
0.757294699928389	0.137758284234992	0.0436744438198757	0.0612725720167428	0.764466864991249	0.0880655919136571	0.0454233480757523	0.102044195019341	0.30300141549293	0.692323935961761	0.0023786720334342	0.00229597651187522	0.903626575420089	0.0463833652099673	0.0499900593699432	0.909206223763864	0.0349612920217409	0.0558324842143955	0.773842996953381	0.0343118712606825	0.0246564503961701	0.167188681389767	0.917608177711634	0.00629951791993836	0.00165149038155004	0.0744408139868776
0.724445716114214	0.159778682208452	0.0536871001679105	0.0620885015094235	0.772916693274251	0.0948980705571514	0.0411181930755519	0.0910670430930457	0.288569475263112	0.70688889873481	0.00207278629841795	0.00246883970365926	0.885632882676515	0.0702284782031734	0.0441386391203113	0.897219509402354	0.0445431675441903	0.058237323053456	0.784317247177137	0.0447080487038251	0.0255822994362306	0.145392404682807	0.89622115964816	0.018956047756104	0.00350223670209066	0.0813205558936451
0.745404678515982	0.117680214911818	0.0618282379544881	0.0750868686177121	0.772362565083441	0.0864873857079889	0.0369137338608333	0.104236315347737	0.336596596474121	0.660814054751937	0.00246224783675512	0.000127100937187187	0.90575154906287	0.0348033902037494	0.0594450607333809	0.907342140796734	0.035256010926133	0.0574018482771328	0.764112642848416	0.0575402784765479	0.045204259005203	0.133142819669833	0.938355735332434	0.0274649142140494	0.00225621262740343	0.0319231378261134
0.70865281990485	0.175913668651611	0.0399062469376436	0.0755272645058953	0.779606839307808	0.0871954589594135	0.0404517889854205	0.0927459127473581	0.368219244888173	0.630362282890614	0.000429889657265052	0.000988582563947322	0.894914456533536	0.0495994647894537	0.0554860786770099	0.907352040115072	0.0367590692950746	0.0558888905898538	0.755966307104212	0.0345599059842708	0.0442652218759498	0.165208565035567	0.917078616093992	0.015720940195937	0.00302194836256107	0.0641784953475101
0.719854897146192	0.145965500660076	0.0695546420357534	0.0646249601579784	0.764805295479696	0.0965314092824377	0.0421757546821213	0.096487540555745	0.29240123581306	0.699002190515455	0.00432304275808945	0.00427353091339587	0.901207923888813	0.0363572653753335	0.0624348107358536	0.913609880184418	0.027402808196355	0.0589873116192266	0.663835131886887	0.0442270946678377	0.0598185626424885	0.232119210802787	0.920401998170745	0.0123221463930638	0.001115444491532	0.0661604109446598
0.731426859578678	0.13843370371577	0.0460414406012785	0.0840979961042732	0.780370867932804	0.0956075227082621	0.0371448477949928	0.086876761563941	0.282663203396329	0.712992463625668	0.00272647544260367	0.00161785753539859	0.91803283992423	0.0278980563262198	0.0540691037495504	0.898383747360305	0.037372829942366	0.0642434226973286	0.830946505527286	0.0456349328628521	0.0152524813135675	0.108166080296295	0.904839240860643	0.00844883857730204	0.000465973045549487	0.0862459475165054
0.740765812636987	0.150207841216906	0.0395410709153947	0.0694852752307128	0.769739242219174	0.0960949554186411	0.0437568459530815	0.0904089564091039	0.336795183974519	0.659092664606644	0.00318138534448021	0.000930766074356498	0.917804112766191	0.0342594000810532	0.0479364871527557	0.909079231979136	0.0297422724492975	0.0611784955715669	0.73604548716357	0.040550456253223	0.0378100690907038	0.185593987492503	0.929242434065024	0.00175843718606455	0.00053164405848272	0.068467484690429
0.734778591037286	0.148747352426468	0.0401385598396412	0.0763354966966049	0.777472876673389	0.0944385673658732	0.035596221661684	0.0924923342990538	0.348657289584135	0.644238711212833	0.00586858858906911	0.00123541061396283	0.924719009129573	0.0279238140754436	0.0473571767949833	0.905015371752676	0.032694228353723	0.0622903998936007	0.750692935187213	0.0235663758495936	0.0198056532886144	0.205935035674579	0.890789865083353	0.00665708743800352	0.00240084779939416	0.100152199679249
0.706566387196912	0.171734419079663	0.0547359440225753	0.0669632497008497	0.774849821018466	0.09657794982244	0.0418605075507505	0.0867117216083433	0.291586428596447	0.706094738846556	0.000389083485458489	0.0019297490715376	0.882257292306632	0.0339228214503968	0.0838198862429714	0.908368241705709	0.0411888329112342	0.0504429253830565	0.669275762349565	0.0653377175985819	0.0352786696400864	0.230107850411766	0.910118234552348	0.0174926773884458	0.000222652720888624	0.072166435338318
0.725758633049589	0.125848050198605	0.0669974348941248	0.0813958818576809	0.771564104078047	0.0880577638203859	0.0417046581920585	0.0986734739095089	0.275030273063739	0.720940488597544	0.000299352748721449	0.00372988558999532	0.913994574249348	0.0302966966433877	0.0557087291072638	0.903608951821632	0.0342087606029058	0.0621822875754621	0.766327722836074	0.050538647598502	0.0410038303858155	0.142129799179608	0.897050930276498	0.0109469503408273	0.00595157984486695	0.0860505395378073
0.733375872658776	0.144168201934911	0.0568973139428695	0.0655586114634428	0.787872690927398	0.0857250152166181	0.043568579636254	0.0828337142197296	0.319193995275583	0.673077300641939	0.00587712739366633	0.00185157668881125	0.91801076701641	0.0409147308181022	0.041074502165488	0.907767864363078	0.0431447760373183	0.0490873595996034	0.837946882099714	0.0428904617496961	0.0211637821081612	0.0979988740424285	0.879460548521208	0.0276323633524328	0.000275473071193652	0.0926316150551659
0.759549346048637	0.136222707766356	0.0493967998623237	0.0548311463226825	0.773585959927834	0.0874461228708599	0.0407767401378136	0.0981911770634926	0.340494686387253	0.655128823264066	0.00408088434647306	0.000295606002208295	0.922476261915857	0.0387099456739316	0.0388137924102117	0.92840436197139	0.0242650483682462	0.0473305896603638	0.738825188668486	0.0388569511095885	0.0575247640622159	0.16479309615971	0.911606179317498	0.0102927007492026	0.00253388608986266	0.0755672338434368
0.750264183788248	0.137262212945558	0.0579587240212229	0.0545148792449711	0.78055654734428	0.0799509125861261	0.0409513686259515	0.0985411714436424	0.361063264520588	0.634402451697789	0.00323884421600039	0.00129543956562338	0.918830770520692	0.0465055608599356	0.0346636686193723	0.90794996479496	0.0348886698714353	0.0571613653336044	0.671549693844741	0.042944799079963	0.0131576868767136	0.272347820198583	0.943512976686809	0.00779120999966123	0.00302148117875793	0.0456743321347718
0.801172108434287	0.0687483559292155	0.051148851190847	0.0789306844456502	0.77684251361131	0.0900003061917168	0.0372052340199923	0.0959519461769805	0.309266024481227	0.685578867633562	0.00514751227001399	7.59561519713447e-06	0.907419460066971	0.0308051272317594	0.0617754127012698	0.899835970943319	0.0340513614020533	0.0661126676546281	0.792961982118041	0.057390019716	0.0492309431453035	0.100417055020656	0.88650578573984	0.0219521149364006	0.00274228394547732	0.0887998153782824
0.765944557016773	0.131714304065967	0.0466934122197291	0.0556477266975309	0.786826885061092	0.087793564486484	0.0343591879583569	0.0910203624940672	0.315485769787201	0.681631814560252	0.00283423744265342	4.81782098931792e-05	0.930339042675921	0.0199361495066185	0.0497248078174605	0.902554104472448	0.0346146199176528	0.0628312756098992	0.755340199916168	0.064492027385666	0.0166472682958868	0.163520504402279	0.90856609303693	0.0302265133700774	0.00304963869323996	0.0581577548997525
0.751685166868118	0.124410262309945	0.0457100406471113	0.0781945301748253	0.76224320146896	0.10083668350744	0.0426307326849651	0.094289382338635	0.363139617958994	0.631359260774643	0.00272818349600619	0.00277293777035655	0.923032062000836	0.0419782013603498	0.034989736638814	0.903585933637049	0.0392588776229764	0.0571551887399746	0.744217694132875	0.0802650753191596	0.00346572384363076	0.172051506704335	0.886807794997502	0.0138771746454005	0.000644203650696107	0.0986708267064014
0.722942692557013	0.154329025627278	0.0558029595000384	0.0669253223156712	0.770025825836402	0.100660062908937	0.0426847204008726	0.0866293908537885	0.321599065004527	0.669950062406583	0.00356486820867835	0.00488600438021186	0.905316537517076	0.0430062143960366	0.0516772480868874	0.903467796984359	0.033588810489125	0.0629433925265158	0.834600735619892	0.0628167484944043	0.0186676824173739	0.0839148334683298	0.901050293309523	0.019056465084231	0.00356201652676414	0.0763312250794824
0.778127076239421	0.107919802184192	0.0547279169885483	0.0592252045878388	0.76923360445961	0.0921585047599405	0.0401501438537033	0.0984577469267458	0.305659867494827	0.687209854305844	0.00290487297618209	0.00422540522314662	0.905840143334531	0.04014526499263	0.0540145916728394	0.919426233696201	0.0287898883895434	0.0517838779142555	0.643577189597238	0.0461945118450607	0.0329731816765699	0.277255116881131	0.895641842629447	0.0264927369459455	0.00452455968117418	0.0733408607434331
0.77063793410979	0.106044229182503	0.0444131595535291	0.0789046771541778	0.770255040088351	0.0922320086218712	0.0391377589569079	0.09837519233287	0.311556523141159	0.685427471690032	0.000275258560590656	0.00274074660821744	0.916984436133646	0.0321219478400247	0.0508936160263295	0.904879869159862	0.0351308301724137	0.0599893006677241	0.816588036245771	0.0640050737456519	0.020564450082179	0.0988424399263977	0.902526394474409	0.0140331103521068	0.00221978915631996	0.0812207060171647
0.751208338860834	0.134672221647027	0.0637413179965568	0.0503781214955825	0.7747145519524	0.0869514584577417	0.0388971178322245	0.0994368717576336	0.307492292897441	0.684665250829927	0.00335291604702684	0.00448954022560495	0.880674066839283	0.0527941689944052	0.0665317641663119	0.897342549241739	0.0399162611638535	0.0627411895944074	0.713608299776313	0.0778604754311167	0.0465682200436096	0.16196300474896	0.9034368711593	0.011784872285371	0.000616201399569863	0.0841620551557587
0.749065232086541	0.141218650435624	0.0445866839508957	0.0651294335269398	0.77966180936714	0.0917842201636684	0.0382691803408304	0.0902847901283613	0.309452679008385	0.687734101578172	0.00253274904661967	0.00028047036682359	0.907369041865818	0.0395107643331387	0.053120193801043	0.9196566557929	0.031129734062534	0.0492136101445663	0.707661133176852	0.0511218918238869	0.0359081198191108	0.20530885518015	0.896404519516073	0.0372399038024308	0.00224391715504399	0.0641116595264516
0.750781879136506	0.121513008080721	0.0521502670308695	0.0755548457519036	0.779220919635027	0.0871633314294711	0.0379732092602867	0.0956425396752155	0.32111611358421	0.676451896406128	6.94110189411589e-05	0.00236257899072097	0.901090693217847	0.0428246772272369	0.0560846295549162	0.90451720771193	0.0345860285510855	0.0608967637369845	0.766342465294113	0.04389783866481	0.0229385947837347	0.166821101257342	0.894522521461215	0.024574835264719	0.00373387512943737	0.0771687681446285
0.743011135194495	0.139619790968898	0.0539131524977053	0.0634559213389018	0.778107335107891	0.0936212367906678	0.0418506081962179	0.0864208199052237	0.250506713232869	0.742412355099427	0.00444155627299339	0.0026393753947105	0.894102378521404	0.0335568553709761	0.0723407661076198	0.914157354059889	0.0370650519560262	0.0487775939840844	0.772096412186723	0.0297159765838507	0.0240309706722311	0.174156640557195	0.913034944897858	0.0147292735278864	0.000121627570211366	0.0721141540040445
0.787671037221325	0.0849721273915234	0.0572863417231587	0.070070493663993	0.774356981053424	0.0983368958102063	0.0376742548007394	0.0896318683356298	0.286170450226823	0.707516266770248	0.0034718562172402	0.00284142678568946	0.906216089488614	0.0424985141711928	0.0512853963401936	0.908191292280475	0.0395485500686483	0.0522601576508764	0.733324760416111	0.0238895348554854	0.00958776666718449	0.233197938061219	0.912523287034457	0.00304764292187257	0.00329390493872829	0.0811351651049423
0.727925463171106	0.158811751287538	0.0406995185690242	0.0725632669723324	0.77267858192294	0.093165087232634	0.0381237446679384	0.0960325861764877	0.303668586808567	0.691784940276418	0.00154202766433839	0.00300444525067752	0.91628050368104	0.0277128996401415	0.0560065966788187	0.913389831925735	0.0375595471301649	0.0490506209440997	0.63856159762308	0.0579717737393114	0.0654590799889059	0.238007548648703	0.931646190733592	0.0195823170173007	0.00195649538925914	0.0468149968598484
0.729233253594499	0.15016172700522	0.0587555205069872	0.0618494988932937	0.770790779857197	0.0923164878850363	0.0454854247765887	0.0914073074811781	0.290714226717664	0.705627687826794	0.00138774195795283	0.00227034349758933	0.932117988861188	0.0239490550957196	0.043932956043092	0.904022229973943	0.0391817733401789	0.0567959966858776	0.69722901034218	0.0391030195567051	0.00153277458081434	0.2621351955203	0.885572408878846	0.0395616421469645	0.000497011426714877	0.0743689375474749
0.719251759467099	0.151244426345118	0.063458964548869	0.066044849638914	0.780417795552859	0.0829163228744585	0.034132352342942	0.102533529229741	0.360882715720059	0.634284469719134	0.000209330047877399	0.0046234845129298	0.912632724765848	0.0393878845006514	0.047979390733501	0.905226596530825	0.0344873661813913	0.0602860372877832	0.854661378145571	0.0528267636815483	0.0460502418477049	0.0464616163251759	0.926544435059004	0.00651879440048477	0.000133781328217527	0.0668029892122939
0.759251148709435	0.109627765957385	0.0722554186877885	0.0588656666453914	0.770723297445433	0.0876414300885501	0.0408785614913597	0.100756710974658	0.323388253977009	0.675498352812522	0.000335255676708568	0.000778137533760425	0.894009097021545	0.0525609102634129	0.0534299927150422	0.917772520673152	0.0377197640812773	0.0445077152455708	0.778325549149729	0.0467178886150041	0.00682088793334361	0.168135674301924	0.89755646867072	0.0195005278247326	0.00655381517797265	0.0763891883265751
0.724790958313663	0.167211982122126	0.0354809724126939	0.0725160871515175	0.781388305047629	0.0931431780431476	0.0430933427744699	0.0823751741347531	0.336336130149825	0.65792332351677	0.00305900258848591	0.00268154374491922	0.873753926243929	0.0533224988114969	0.0729235749445743	0.900010164178248	0.0296224223922803	0.0703674134294717	0.662599303228739	0.0496192046745996	0.0459038028132867	0.241877689283375	0.893090809141604	0.0107170996288092	0.00323242154763374	0.0929596696819531
0.73679375046866	0.151087369124649	0.0324387812510332	0.0796800991556572	0.773753247222437	0.0910489620714789	0.0417013559560097	0.0934964347500743	0.369317512713712	0.625097170615553	0.00298014727508052	0.00260516939565449	0.895672263762276	0.0293765111289209	0.0749512251088026	0.916304387704315	0.0366687035980731	0.0470269086976123	0.777321970580545	0.0476948708930192	0.00336492462143488	0.171618233905001	0.904957276226359	0.0246513400479502	0.000470968426415087	0.0699204152992756
0.771115955513805	0.120579314435138	0.054176151829804	0.0541285782212527	0.772544432218154	0.0955756768716781	0.0412545334698619	0.0906253574403063	0.335037808809301	0.660045727760061	0.00109383918725774	0.00382262424337979	0.883050741356737	0.0380525660628953	0.0788966925803672	0.904188167769796	0.0357291868793592	0.0600826453508451	0.709818483295672	0.0282511128096001	0.0193560933093782	0.24257431058535	0.918398028179522	0.00949220808133006	0.00237013977778556	0.0697396239613623
0.724312070766204	0.145907959968928	0.0454290920996817	0.084350877165186	0.785967935933923	0.0860814808106247	0.0361550079108194	0.091795575344633	0.365865360933323	0.632103314611126	0.000772048245029742	0.00125927621052138	0.896336149482892	0.0532514588268422	0.0504123916902663	0.908846752638298	0.038384115920048	0.0527691314416545	0.818990332042429	0.0695065141405412	0.00438540245962913	0.1071177513574	0.90345530565818	0.0278165210403593	0.00200032057308142	0.0667278527283792
0.725244258792142	0.143511778192812	0.0523040221621019	0.0789399408529444	0.777888135255682	0.0869728855953402	0.04175216950168	0.0933868096472978	0.339249618196832	0.6574503447117	0.00136927688461777	0.00193076020685024	0.907235074368083	0.0294878359000904	0.0632770897318266	0.904098252441677	0.0403505462575901	0.0555512013007324	0.711469485974701	0.0561085764559998	0.0225635821487213	0.209858355420577	0.925799943443059	0.00423492041921061	0.00341763161940131	0.0665475045183291
0.755266343941781	0.129548991791997	0.0479710141020943	0.0672136501641275	0.778143751850471	0.0937112446002422	0.0382890869100062	0.0898559166392809	0.354611891194055	0.640735231836266	0.00449858755279613	0.000154289416883202	0.910431704178768	0.0325344410774542	0.0570338547437777	0.911121430426567	0.0374733699606184	0.0514051996128146	0.851535718039752	0.0355306154754277	0.0191530656342462	0.093780600850574	0.921396758521706	0.00943219910788096	0.000266503125984832	0.0689045392444287
0.774634310387709	0.112300786648608	0.0445307867925073	0.0685341161711748	0.78237737056084	0.08919726069114	0.0416231898863375	0.0868021788616826	0.309116938011342	0.682465495508604	0.00271337421686149	0.00570419226319252	0.906308288636874	0.0388389334088982	0.0548527779542278	0.909657320124143	0.0329198861628098	0.0574227937130476	0.786506259287456	0.0551999720057034	0.0105977007774434	0.147696067929397	0.905390501853396	0.0110824531045293	0.0014707955236714	0.0820562495184028
0.715306370970677	0.145281989750402	0.0602675893873727	0.0791440498915486	0.774593127461797	0.0910566525552846	0.0346433681747718	0.0997068518081467	0.326200217710534	0.672076444811609	0.00113004205447701	0.000593295423380247	0.890531446314078	0.0501064778999357	0.0593620757859862	0.919346949711544	0.0330561073997743	0.047596942888682	0.680139432224684	0.0457944699924301	0.0338586452827615	0.240207452500124	0.923985490908425	0.00839803830655726	0.00172383731235207	0.0658926334726653
0.730348783067838	0.144914783571604	0.0592506604338309	0.0654857729267273	0.776923062262855	0.0809212755816093	0.0452749330325276	0.0968807291230083	0.303930743732654	0.68927930193029	0.00201495236559166	0.00477500197146463	0.916884382168274	0.0409378014057251	0.0421778164260006	0.913117501286464	0.0330154317091231	0.0538670670044127	0.800336981007303	0.0266174205606939	0.0313962431903001	0.141649355241703	0.92268823208098	0.0177404513160804	0.0019485159252871	0.0576228006776529
0.729255793158536	0.129601061059917	0.069437716766128	0.0717054290154182	0.762224929781234	0.0975911453585043	0.0390014764190298	0.101182448441232	0.306444837126989	0.692489218810722	0.000219602330774	0.000846341731514654	0.891800678951216	0.0427553339822277	0.0654439870665564	0.904942769787823	0.0355007468101825	0.0595564834019944	0.725815780234749	0.0516600419659775	0.0362867465521225	0.186237431247151	0.956596048835645	0.00272877386409132	0.00101035161884643	0.0396648256814173
0.713128289822589	0.162493524797627	0.0451992423206105	0.0791789430591732	0.782519647969605	0.0882900198469471	0.0397080394437003	0.0894822927397471	0.355049526045656	0.638788412078259	0.004962960202198	0.0011991016738875	0.882089705106255	0.0451563594579034	0.0727539354358414	0.903072844878438	0.0366860790946465	0.0602410760269151	0.752735681397139	0.0535741632295144	0.00915705688218635	0.18453309849116	0.897751151361346	0.0148460024485584	0.00387186054513923	0.0835309856449561
0.710082387014756	0.147868229104266	0.0631404791420461	0.0789089047389319	0.776287593117421	0.0829877031890276	0.0429170995947051	0.0978076040988459	0.348154576918499	0.649880826688912	0.00154788196899645	0.000416714423592539	0.929495532799193	0.0261774553807568	0.0443270118200502	0.90918635422175	0.0410300000741202	0.0497836457041301	0.877410829282839	0.0486645018458351	0.00982012544847001	0.0641045434228558	0.907374454259568	0.0114272340774072	0.0035761831797374	0.0776221284832875
0.712643704892243	0.153732934504313	0.0621840831101221	0.0714392774933214	0.783078094178853	0.0916532777273888	0.042923503260421	0.0823451248333376	0.369893483193986	0.626019797513182	0.000604265710147018	0.00348245358268467	0.888808708194512	0.0459600364801121	0.0652312553253759	0.904725113240412	0.0377888207821333	0.0574860659774551	0.78830639230184	0.0699834956169444	0.00882169378209131	0.132888418299124	0.873181049792736	0.0222677202685598	0.00147462198916186	0.103076607949542
0.748146081005494	0.134301997419037	0.0595080046621376	0.058043916913332	0.769022149407204	0.085449151603626	0.0430722894857707	0.1024564095034	0.267160513191775	0.721223189415176	0.00304271365683507	0.00857358373621445	0.893759650704537	0.0390595913731738	0.0671807579222892	0.91061797685418	0.0325595965202153	0.0568224266256049	0.689811866443269	0.0361947793416399	0.0401984544628002	0.233794899752291	0.920488791435539	0.0229669423797103	0.0010861328963822	0.055458133288369
0.728133460456371	0.148548593451305	0.0482890646073493	0.0750288814849745	0.780131041002988	0.094393834492228	0.0419531319230193	0.0835219925817651	0.309269548838747	0.683001626908389	0.00531251108628517	0.00241631316657917	0.889026329443461	0.0492229418840064	0.0617507286725327	0.904243775836256	0.0275810089493674	0.0681752152143771	0.810231906982291	0.0729968577084476	0.0232621627546476	0.0935090725546134	0.913990762118926	0.0132279603970442	0.00223480560180365	0.0705464718822256
0.710224321491074	0.159272478381344	0.0508345525627259	0.0796686475648562	0.77197980286231	0.0921024364334252	0.0392098913028129	0.0967078694014514	0.291887262760707	0.707098054638924	0.000630555485777649	0.000384127114591507	0.907215364390225	0.0522632161818994	0.0405214194278754	0.91834890081357	0.0299914314487195	0.0516596677377103	0.78334411064961	0.048424578078005	0.0197686404818218	0.148462670790563	0.915827746704997	0.00927275205869897	0.00380294563366022	0.0710965556026442
0.768283788950197	0.137350522797528	0.0393573709505482	0.0550083173017266	0.770233979097679	0.0908591458538544	0.0468160088372728	0.0920908662111934	0.376686679954836	0.622026158504115	0.000859332653135213	0.000427828887913753	0.914826181590208	0.047833622649639	0.0373401957601528	0.912112847987208	0.0346917726435692	0.0531953793692223	0.745811064256936	0.0324515321075467	0.00788364773613549	0.213853755899382	0.892612072599874	0.0127837220738422	0.00121399474990147	0.0933902105763826
0.768808333560118	0.131703700084471	0.0435157885224743	0.0559721778329365	0.777393180637834	0.088619540040349	0.0404421757595322	0.0935451035622847	0.372250186687668	0.627162479180043	0.000366172334834804	0.000221161797453745	0.902687024747089	0.0457305402784558	0.0515824349744552	0.904398277200015	0.0338175412770083	0.0617841815229766	0.754758407250851	0.0610786404240104	0.0197834623419453	0.164379489983194	0.881156392613457	0.0165418639007519	0.00191740908045097	0.10038433440534
0.746514690985543	0.119505070583533	0.0554524814805372	0.078527756950387	0.78067634427785	0.0846545925717948	0.0356425064453991	0.0990265567049556	0.332124130757395	0.663030410922832	0.00397048248268503	0.000874975837087273	0.904377857767473	0.046104577532016	0.0495175647005114	0.910200730917087	0.0328239173782444	0.0569753517046687	0.791146211313872	0.0265104278366628	0.00654058865337695	0.175802772196088	0.937052499615701	0.0117529520253367	0.00116655153676491	0.0500279968221973
0.723371187695938	0.144591747237562	0.0629212578569703	0.0691158072095298	0.779154881050542	0.0798794133095843	0.0392099706501797	0.101755734989694	0.286472162033814	0.708611100781525	0.00485990437224487	5.68328124157281e-05	0.885436772363878	0.0486897565532316	0.0658734710828908	0.904751011157531	0.0389770017949994	0.0562719870474698	0.753239960500994	0.0377648376594473	0.00464004069008556	0.204355161149473	0.935761060922127	0.0140777334486358	0.00145141565375148	0.0487097899754853
0.740431559393342	0.128430054262725	0.0464080780992348	0.0847303082446983	0.775180751068139	0.0888684984428301	0.0407581498726042	0.0951926006164269	0.366458242634282	0.626056678343068	0.00306131000952371	0.00442376901312582	0.880129251983683	0.041704654256872	0.0781660937594454	0.913773253516225	0.029478746668222	0.0567479998155531	0.813686350105163	0.0539608894962296	0.00558782423606749	0.12676493616254	0.9127904554811	0.0098688640359624	0.00212266275608605	0.075218017726851
0.693342413341538	0.164552374849934	0.050911604780842	0.0911936070276855	0.778519918981347	0.0977209740637938	0.0377390965088378	0.0860200104460209	0.320803107608187	0.673063607827668	0.000883387203742919	0.00524989736040193	0.913191226614587	0.0554494646645434	0.0313593087208695	0.900684685211856	0.043296993651441	0.0560183211367034	0.781714969068893	0.0388939676431924	0.00525255261117223	0.174138510676743	0.907385436346221	0.0313838200079133	0.000635402268353765	0.0605953413775121
0.705906681329301	0.174684408656042	0.0572702670381724	0.0621386429764854	0.772377575774218	0.084894432672459	0.039206034716695	0.103521956836628	0.347700719820739	0.648626890406608	0.00291400648006955	0.000758383292583362	0.9163152598712	0.0299594008886524	0.0537253392401479	0.914733859221046	0.0349956469299847	0.0502704938489693	0.760765478975005	0.0684559115966748	0.0150480099795868	0.155730599448734	0.923984726246029	0.00559665315097444	0.00306200395264474	0.0673566166503522
0.719217573731589	0.155590169672281	0.0519394342379302	0.0732528223582004	0.780873637597383	0.0919903921765418	0.0385612588211456	0.0885747114049295	0.343612409116113	0.64859196417473	0.00714906950628737	0.000646557202869628	0.898509855666659	0.0538049550347691	0.0476851892985719	0.899067769894072	0.0339672012859789	0.0669650288199493	0.808590994401537	0.0568455962905395	0.0186921774123204	0.115871231895603	0.898316986876893	0.0272204739248273	0.00308957348176969	0.0713729657165099
0.76289377658516	0.114292094590561	0.058144063600987	0.0646700652232924	0.777521461157097	0.0830735067817228	0.0406290129231391	0.0987760191380407	0.328330388060236	0.66884635329649	0.00173428645839545	0.00108897218487776	0.889786306560657	0.0558945593960042	0.0543191340433386	0.916701903021639	0.0368719029489588	0.046426194029402	0.701543490955953	0.0545135584028308	0.00882838813021496	0.235114562511001	0.914100198159063	0.0159942497793666	0.0012321001336205	0.0686734519279495
0.783782492912848	0.0906710486196982	0.0574398564394654	0.0681066020279887	0.770215807993777	0.0868002682648623	0.0429861278239745	0.0999977959173865	0.353585894900806	0.639446834869539	0.00243320588931317	0.00453406434034171	0.925805247042157	0.0292344389900709	0.0449603139677721	0.913253434531481	0.0347016356176224	0.052044929850897	0.841751284505717	0.0561588778399233	0.00547332891249104	0.096616508741869	0.908196042640291	0.00349181118961123	0.00119616805781424	0.0871159781122833
0.718506702258527	0.163050539774453	0.0512757363628649	0.0671670216041551	0.778903336959498	0.0811040512300054	0.0418682828379306	0.0981243289725656	0.339547029641664	0.659408790533076	0.00100671449963381	3.74653256259204e-05	0.888743405417045	0.0528600223722908	0.0583965722106639	0.918118154400917	0.032293168346719	0.0495886772523637	0.761108484496149	0.0557178633282511	0.0150360680257321	0.168137584149867	0.910057383881841	0.0158337807780424	0.00350927979911917	0.0705995555409977
0.748102610134736	0.114589931170278	0.0670947384108347	0.0702127202841514	0.764622904742626	0.0963643626233355	0.0421117574787103	0.0969009751553277	0.330939621717323	0.663614110733828	0.00471989162113621	0.000726375927712451	0.898807730441354	0.0470408791594268	0.054151390399219	0.892417715821532	0.0393452338345079	0.0682370503439601	0.684973137237297	0.0685647748794296	0.035309316741644	0.211152771141629	0.886792852024818	0.024718414535268	0.00277313334952121	0.0857156000903929
0.734818737554363	0.134813693354255	0.0519225652741945	0.078445003817187	0.768342140561031	0.0967176155319292	0.0402984856969482	0.0946417582100921	0.347713325270473	0.648475696699852	0.00338335338809728	0.000427624641577805	0.910389332548341	0.024342002251591	0.0652686652000676	0.918332897561639	0.0353201608662889	0.0463469415720725	0.605224144457425	0.0719531358544737	0.00782873351160416	0.314993986176497	0.939351766550364	0.00398017767802242	0.00321573501915058	0.0534523207524627
0.751145445117302	0.158074523310379	0.0253715050119101	0.0654085265604091	0.775660820862924	0.087449727178585	0.0417323334247963	0.0951571185336946	0.328194450305919	0.670356087607492	1.93907349474363e-05	0.00143007135164164	0.933902557527169	0.0226832022315367	0.0434142402412947	0.930429587675773	0.0257199733335709	0.0438504389906558	0.789465065278763	0.0390012091779958	0.0148914525079484	0.156642273035292	0.892465064884899	0.0183994962536325	0.00229321455610359	0.0868422243053649
0.724307123667706	0.149916303459979	0.0546192580265726	0.0711573148457422	0.773475833759374	0.08844274958705	0.0401528584850617	0.0979285581685143	0.307272940197506	0.691215418627157	0.000386265109587703	0.00112537606574948	0.920670337353355	0.0381852031791192	0.0411444594675259	0.92410728149258	0.0330761433440248	0.042816575163395	0.618936786024315	0.0633613081588436	0.00103950466744107	0.316662401149401	0.895567532771795	0.0192022059613179	0.00222841477136913	0.0830018464955175
0.722100322943194	0.150256302726015	0.0509378991570151	0.0767054751737757	0.765129141266746	0.0980570991682192	0.043380221086065	0.09343353847897	0.341156080678654	0.652489967754534	0.00278601691893542	0.00356793464787611	0.906301714150254	0.0361763530688859	0.0575219327808596	0.922914122257064	0.0280756054714074	0.0490102722715289	0.822242355351822	0.0544003345650635	0.00826833444474836	0.115088975638366	0.907373691773275	0.0137505111106792	0.0058047939043072	0.0730710032117386
0.760889566240921	0.11826350196301	0.0490735474487681	0.0717733843473008	0.761423518264314	0.101712190299164	0.0388139270472562	0.0980503643892652	0.360557483552505	0.635540844687251	0.00287219271108704	0.00102947904915751	0.930319465520896	0.0373593351892573	0.0323211992898465	0.912982132369933	0.0361654575067399	0.0508524101233272	0.558648403093025	0.0748604327372332	0.0341322580735405	0.332358906096202	0.888546928989363	0.0151177924891584	0.00760249564108395	0.0887327828803949
0.726364948492189	0.174795775489029	0.0396689014223727	0.0591703745964099	0.783398339538052	0.0890496064159966	0.0396923384074005	0.0878597156385513	0.321816838530547	0.673354747272229	0.00120419643015211	0.0036242177670721	0.918448153252864	0.023310522734896	0.0582413240122404	0.929762456710188	0.0227522613829019	0.0474852819069099	0.727357903224019	0.0633169594869237	0.0888991132142804	0.120426024074777	0.920001508624396	0.00504024491310071	0.00274775126482783	0.0722104951976759
0.750845067333752	0.119466833850757	0.0444594588384038	0.0852286399770874	0.778615932391486	0.0924267232723428	0.0412330970162088	0.0877242473199624	0.323037385082895	0.673526162892549	0.0006723054759531	0.00276414654860341	0.918371719641843	0.0294309124472707	0.0521973679108866	0.915651020804728	0.0394705767155182	0.0448784024797537	0.724250733387445	0.0432099236258756	0.0168104607647651	0.215728882221914	0.913653634468052	0.0128045183014394	0.00303209529129012	0.0705097519392183
0.761441971947445	0.10269484497433	0.0476045024528458	0.0882586806253791	0.780193797117584	0.0897547782386692	0.0363972558301707	0.0936541688135761	0.374081765197923	0.614946793825269	0.00591717741166586	0.00505426356514266	0.927256979158293	0.0234396558573018	0.0493033649844056	0.908327025117669	0.0383623962286739	0.053310578653657	0.787872481740354	0.0395583110142825	0.0363494713993237	0.136219735846039	0.919510453282539	0.00955499286636294	0.00274991195432705	0.0681846418967707
0.78128438040319	0.110211724298122	0.0440201607703194	0.0644837345283686	0.7765732820471	0.088967293756964	0.0375635515662426	0.0968958726296933	0.370364722709652	0.622018196341953	0.00383238806005237	0.00378469288834261	0.930081781635947	0.0272921604169078	0.0426260579471454	0.896863603806307	0.037272961051272	0.0658634351424214	0.774029581502756	0.0504320118415779	0.0162206909102556	0.159317715745411	0.900760511684666	0.0169065694468771	0.0020326270229608	0.0803002918454964
0.733477132978357	0.120490397688782	0.0692757151538664	0.0767567541789953	0.777069906802593	0.0877806328527955	0.0348638929148709	0.100285567429741	0.341621518214316	0.655038081733159	0.00251733105924395	0.000823068993280291	0.898351428068049	0.0384737065112982	0.0631748654206526	0.903427694687438	0.0347839216638121	0.0617883836487497	0.654466531555593	0.0349342383887359	0.0296007842576881	0.280998445797983	0.947656942624414	0.00985612122437166	0.00102018724192486	0.0414667489092893
0.742018899128653	0.14517414304861	0.0494048279265923	0.0634021298961454	0.769492257773189	0.104865747920408	0.0412310151655277	0.084410979140875	0.318457446943066	0.674755681760879	0.00133253831031288	0.00545433298574129	0.897924830420863	0.0551363229424189	0.0469388466367178	0.917457850537511	0.0406376435153681	0.0419045059471208	0.722491171959545	0.074175401990881	0.0363128968549278	0.167020529194646	0.891325351733619	0.0250641831403916	0.00519441187075383	0.0784160532552356
0.753221503969538	0.107372092172347	0.0652962509574793	0.0741101529006361	0.782327566692389	0.101764103562439	0.0349149312201453	0.0809933985250262	0.291555903587819	0.701583345306926	0.00511796066983809	0.00174279043541737	0.926365670216032	0.0418500606108204	0.0317842691731478	0.914599700001867	0.0341609243171792	0.0512393756809535	0.771990863294845	0.0400077903679352	0.0145736607063809	0.173427685630839	0.932260447599443	0.00792492595041218	0.0021931969751971	0.0576214294749474
0.726281587209483	0.159361311476074	0.0381497242350384	0.0762073770794054	0.770231098130963	0.094140658016022	0.0436298882250377	0.0919983556279771	0.325150089125601	0.66680079950783	0.0048267849539032	0.0032223264126662	0.927700545944037	0.0338242430558629	0.0384752110000999	0.91518174990595	0.0308528722072141	0.0539653778868356	0.660717521652771	0.0442969498357648	0.0160124848637197	0.278973043647745	0.88740477154298	0.024314489760389	0.000697484757378006	0.0875832539392524
0.749515558964823	0.134255228018414	0.0482514758117878	0.0679777372049752	0.772218174277153	0.0858704447400017	0.0457376470273854	0.0961737339554598	0.339477289256588	0.654930484847211	0.000426004468347037	0.00516622142785408	0.930636326107785	0.0380458428105451	0.0313178310816699	0.903979214208066	0.0325460115626964	0.0634747742292379	0.673162085260056	0.0560707887199524	0.0277740531345446	0.242993072885447	0.898179565102226	0.00208149272163464	0.00114687582564138	0.0985920663504978
0.749691607579395	0.122611668728829	0.0566002795478139	0.0710964441439616	0.776019966546056	0.0898989775463546	0.0341849129159746	0.0998961429916151	0.370014449135169	0.624070899064752	0.00351287093059405	0.00240178086948497	0.896423350373531	0.0463282882587333	0.057248361367736	0.916198044554795	0.0348389199385725	0.0489630355066324	0.717646512748546	0.0348955778002621	0.0329246365219511	0.214533272929241	0.882727349291703	0.0223953097833693	0.00289233165361337	0.0919850092713137
0.744691086185847	0.126194323016836	0.0690974189638418	0.0600171718334751	0.786243810704787	0.0853171622255421	0.0433151805909952	0.0851238464786757	0.324941158584988	0.670418089642723	0.00148164215131944	0.00315910962097024	0.881010716754057	0.050701905962342	0.0682873772836011	0.929716973923417	0.0259309226617872	0.0443521034147962	0.795697541643414	0.0419777395844274	0.0180098207563167	0.144314898015842	0.898466908899436	0.0218514535002017	0.00576708048550522	0.0739145571148572
0.707459639832198	0.161615639711693	0.047282275641453	0.0836424448146563	0.771149561374685	0.0901192647435457	0.0391026569672086	0.0996285169145609	0.328795212995471	0.670433801312305	0.000210627200819045	0.000560358491404791	0.888764511565282	0.0525919905677883	0.0586434978669292	0.90001370092965	0.034043457077917	0.0659428419924333	0.803753707863974	0.0422289766151723	0.0238848414417142	0.13013247407914	0.904314808292069	0.0231495347294909	0.00128404299728156	0.0712516139811583
0.767657973960597	0.127746185322806	0.0507542272102069	0.0538416135063904	0.781938353352073	0.0927013900237717	0.0364236953148862	0.0889365613092687	0.341368441736761	0.657452861695592	0.00088523292315911	0.000293463644487109	0.887354478989708	0.0458961957802559	0.0667493252300358	0.914814456498669	0.0331332863612925	0.0520522571400381	0.800279441463516	0.0367061245886779	0.0255297496290271	0.137484684318779	0.869306328766773	0.0171126411289825	0.00462865415991098	0.108952375944334
0.772613866474157	0.13221290089493	0.0397856353142074	0.0553875973167059	0.764002799296117	0.0899017545593366	0.0437220000567078	0.102373446087838	0.362372536001079	0.630649640977991	0.00161373422584593	0.00536408879508402	0.919604779922294	0.0370855449113634	0.043309675166343	0.903923380013066	0.031508504282911	0.0645681157040228	0.671054889547718	0.0483479787732069	0.0181720875057505	0.262425044173325	0.907080658643604	0.00529235668092993	0.00578926393328028	0.0818377207421863
0.705555294195596	0.156343976974829	0.0651575057685907	0.0729432230609841	0.771193614592044	0.08322149496885	0.0465076289211991	0.0990772615179064	0.354996563040431	0.640596401611925	0.00114668940699398	0.00326034594064944	0.913180342472948	0.042647582373447	0.0441720751536048	0.903084772002091	0.0375447830996258	0.0593704448982836	0.843590130732922	0.0410476182350743	0.00127415109798685	0.114088099934016	0.943276456190471	0.0200013309055444	0.00291972116581582	0.0338024917381693
0.781450420856755	0.110267619507832	0.0454233031899881	0.0628586564454243	0.79346902939453	0.0833277151092179	0.0389420008221722	0.0842612546740796	0.326007938998555	0.670727598030005	0.000816584962059907	0.0024478780093803	0.932188516415912	0.0276346819728861	0.0401768016112016	0.903496909659482	0.04114103742572	0.0553620529147976	0.729510161455984	0.0321072038114849	0.00905542807645986	0.229327206656071	0.863844448237368	0.0384579184230578	0.000652951337230226	0.0970446820023442
0.752921441038227	0.135651467586329	0.0492623101673864	0.0621647812080578	0.779999898963003	0.0847188299023103	0.042978972309385	0.0923022988253013	0.323462978198785	0.674725041161065	0.00180235993325773	9.62070689204768e-06	0.916445346365735	0.0302066674887433	0.0533479861455214	0.903862928732749	0.0357012723933283	0.0604357988739224	0.686991155195089	0.0366820862208099	0.0181336125487715	0.25819314603533	0.882842621904131	0.0279713051335102	0.0065997293610292	0.0825863436013299
0.684913092354607	0.193517381859114	0.0503661454123277	0.0712033803739518	0.769296415592348	0.0949334429761816	0.0415508498734359	0.0942192915580344	0.339199858157229	0.65788233785652	0.00260532302785326	0.000312480958396868	0.907179038731844	0.0355337797205818	0.0572871815475741	0.90676064851909	0.0358381481066416	0.0574012033742683	0.687069158965063	0.0550073870144727	0.0228330001411684	0.235090453879296	0.915716657391013	0.0283817239504341	0.000881328483337381	0.0550202901752155
0.731812054511028	0.114969974891259	0.0618929583737147	0.0913250122239985	0.782848208908315	0.0962587073631278	0.0341592000964625	0.0867338836320943	0.289766488760376	0.707779889249448	0.00233285907322227	0.00012076291695347	0.896627826848123	0.0556764296957064	0.0476957434561709	0.912540557771479	0.0367008125838429	0.0507586296446777	0.734920463184191	0.0649554656019326	0.00691387026843441	0.193210200945442	0.903270613330039	0.0199277375163825	0.00778756241488666	0.0690140867386918
0.751345415620483	0.137652658675264	0.0412763900263038	0.069725535677949	0.77567095472534	0.0867784347350643	0.0416537421337816	0.0958968684058144	0.35215248079294	0.643683477866641	0.00150838879446383	0.0026556525459544	0.903412202685687	0.0387849447825653	0.0578028525317481	0.915265186444997	0.0310744736332481	0.053660339921755	0.877290754022124	0.0646604480935419	0.0161043053471872	0.0419444925371466	0.881641762128768	0.0272072480959815	0.00584761608360753	0.0853033736916435
0.750506337522614	0.128351479821371	0.0502474294744722	0.0708947531815428	0.77494800892811	0.0975520721352373	0.0333589711117076	0.094140947824945	0.357928711525067	0.639531152565311	0.000198881887852095	0.00234125402176987	0.917433463822754	0.0404812795524018	0.0420852566248439	0.917934094082167	0.0372401666161438	0.0448257393016895	0.778002722499995	0.0242775602728892	0.0261901362196739	0.171529581007442	0.909795684944536	0.0290569897585676	0.000735617939337252	0.0604117073575593
0.705175164861278	0.155962218142833	0.0569845398549353	0.0818780771409537	0.774238144292697	0.0892200052223971	0.0409750469921803	0.0955668034927254	0.304277988585788	0.686638628027838	0.0015474984792473	0.00753588490712603	0.888547664692279	0.0475590551305457	0.0638932801771755	0.90252866134035	0.036894501229062	0.0605768374305878	0.590087892459315	0.0472851205358634	0.0435451785346874	0.319081808470134	0.943822747805293	0.0169729379255688	2.39146514977003e-05	0.039180399617641
0.713851027315514	0.155868927438066	0.0532543542350476	0.0770256910113715	0.787739916491425	0.0776724339503548	0.0368083773234337	0.0977792722347862	0.251024201188287	0.736158468012877	0.0112411576487871	0.00157617315004853	0.900041621952946	0.039255363039233	0.0607030150078208	0.915389854268456	0.0294592889798955	0.0551508567516483	0.685427797769592	0.060474283245633	0.0460347405855859	0.20806317839919	0.91716751959708	0.00943341086076202	0.00241305351044217	0.0709860160317155
0.758958651285635	0.128719895080812	0.0453818236713137	0.0669396299622398	0.782529181081698	0.0884721369041477	0.0398125445772166	0.089186137436938	0.341259921477452	0.6551613688212	0.00122746534815997	0.0023512443531879	0.895121775891263	0.0375921722140779	0.0672860518946592	0.900112144603836	0.0396812433478884	0.0602066120482753	0.797246999848406	0.041566031015717	0.00347291717943762	0.157714051956439	0.881988484095753	0.0148318366728615	0.00710170643129638	0.0960779728000885
0.750604199196555	0.140940402267796	0.0399007240565172	0.0685546744791316	0.785478043429353	0.0858195348175993	0.0370618097222209	0.0916406120308266	0.338848366490112	0.658289214883154	0.00171642594284672	0.00114599268388731	0.923712867720654	0.0431793280153994	0.033107804263946	0.907555899437949	0.0269898481709511	0.0654542523910995	0.788051781110233	0.0488573579848366	0.0278945940292672	0.135196266875663	0.914922228227523	0.0212469124645394	0.00197598560463803	0.0618548737033
0.721775095260468	0.148034196319727	0.0581339468532974	0.0720567615665069	0.773728202097472	0.0885264084361337	0.0401859735330213	0.0975594159333731	0.306104766268115	0.691626376080499	0.00029752102374781	0.00197133662763864	0.89795567757222	0.0542787118391075	0.0477656105886728	0.915505508818722	0.0341200466324289	0.0503744445488494	0.76655208007813	0.0416895569002154	0.0166014868666914	0.175156876154964	0.91059947154608	0.0100433287050731	0.000846366746190016	0.0785108330026568
0.713972694079447	0.149482656672108	0.051256206656123	0.0852884425923213	0.775290250114382	0.0924136898760051	0.0419755423817034	0.0903205176279095	0.370938414774867	0.626054332879413	0.00149415188290201	0.00151310046281746	0.887857972457568	0.0641917079665199	0.047950319575912	0.907327412293491	0.0383692056815089	0.0543033820250006	0.775808856463719	0.0517398188280349	0.00162424550632663	0.170827079201919	0.880768486732515	0.0181070834717787	0.00552196261297145	0.0956024671827351
0.754679427100444	0.136828728349433	0.0601189554427776	0.0483728891073456	0.791680316059336	0.0838043971459831	0.0352155273296822	0.0892997594649985	0.357678566065963	0.635061660171326	0.00507277874693863	0.00218699501577237	0.937123205465616	0.0316793586811762	0.0311974358532072	0.909534302331262	0.0352632448408047	0.0552024528279328	0.733749917302539	0.0463293254699862	0.0149682239476264	0.204952533279849	0.901332745233709	0.0219125430613121	0.00143826203523912	0.0753164496697397
0.742674217192489	0.129090509373219	0.0502458858456577	0.0779893875886334	0.777791648296274	0.0926576297758134	0.0433407190490718	0.0862100028788413	0.284752449112344	0.70729537548412	0.00697069973585676	0.000981475667679784	0.888869395160659	0.0498495220523638	0.0612810827869777	0.91397048196993	0.0342373735184939	0.0517921445115757	0.6985653311452	0.0770562415557494	0.00226940723013802	0.222109020068913	0.908574098428219	0.00532482074898576	0.00194041755114126	0.084160663271654
0.726584065006506	0.126540097812752	0.0610780180307053	0.0857978191500366	0.775732165726556	0.0881065714351937	0.0356289608770881	0.100532301961162	0.314806301691652	0.680864930766846	0.0023570464605252	0.00197172108097699	0.940603202510873	0.0261803992083483	0.0332163982807785	0.908781077354125	0.0333566238540496	0.057862298791825	0.765635932534069	0.0598579503155892	0.00652856310101594	0.167977554049326	0.885921269274734	0.0219621791212598	0.00466463854818219	0.0874519130558235
0.735277549563707	0.128079862866428	0.0697156782177594	0.0669269093521059	0.775869731085982	0.094782511173202	0.0381979323830146	0.091149825357801	0.242147966825579	0.755052179270766	0.00208053386957644	0.000719320034078547	0.919038953807323	0.0394331448485007	0.0415279013441761	0.910232871448489	0.0327471174651468	0.0570200110863641	0.653708514307015	0.0545391112248493	0.00212616922003077	0.289626205248105	0.911474708627165	0.00532113704169078	0.00263720561674909	0.0805669487143955
0.728175121970574	0.143940287116602	0.0567310511390476	0.0711535397737768	0.771301165326846	0.0909163218165301	0.0413796452808736	0.0964028675757505	0.323030263965032	0.669388740747898	0.00633739005430756	0.00124360523276351	0.892652186299694	0.04958730712229	0.0577605065780156	0.899330310826813	0.0350572712599736	0.0656124179132132	0.70566485037665	0.0562091161112169	0.00964441695124212	0.228481616560891	0.909977361105781	0.0148726900750896	0.00300162383054849	0.072148324988581
