0.923652052629328	0.0610626381662326	0.00851534911490172	0.00676996008953793	0.915335495659785	0.0578651721181465	0.00537076699806914	0.0214285652239996	0.716298672423572	0.281319940412852	0.000497892136200482	0.00188349502737527	0.993333292656807	0.00148669353508105	0.0051800138081116	0.980734012677118	0.00640765505718551	0.0128583322656968	0.902170098443564	0.00193469583623219	0.00120693962204217	0.0946882660981614	0.825197905581964	0.00803383218893718	0.00761082173095737	0.159157440498141
0.91033188590607	0.0662531341640505	0.0107924982189829	0.0126224817108962	0.911736885575074	0.0553674372427521	0.00534960688026233	0.0275460703019117	0.712329052845168	0.282435199065507	0.00295639730394959	0.00227935078537519	0.989051827803963	0.00219939601793353	0.00874877617810406	0.97931519659399	0.00749767469174204	0.0131871287142683	0.895983891790229	0.00281321918575242	0.00624692581731243	0.094955963206706	0.828826947034824	0.0042610574632739	0.00815931577283845	0.158752679729064
0.918911157340461	0.0611529573261576	0.00956850525992323	0.0103673800734585	0.908355333473619	0.0573825684599996	0.00576562915901489	0.0284964689073662	0.713736296556909	0.285118392580165	0.000712958211147147	0.000432352651778448	0.975510176177989	0.00485139090259659	0.0196384329194142	0.985255604845497	0.000282372680190091	0.0144620224743124	0.900600127379368	0.00482032471868939	0.00819946814804623	0.0863800797538963	0.825770573948756	0.0110360908022014	0.00644492865525789	0.156748406593785
0.924559349044333	0.0645143056116742	0.0027426985822484	0.00818364676174392	0.905268143606008	0.0597217600072927	0.00971512623276961	0.0252949701539297	0.701251446276157	0.289262899767308	0.00732920645634499	0.00215644750018999	0.989834397338483	0.00194804495816414	0.00821755770335252	0.981459449768503	0.0013481307070964	0.0171924195244009	0.896055056145153	0.00497086816200104	0.0076315361772856	0.0913425395155604	0.83251612507586	0.00428919948906716	0.00673641501571625	0.156458260419356
0.91876348169132	0.0639416057505692	0.0105458545472372	0.00674905801087356	0.906166695861798	0.0613589146172467	0.0104738373113585	0.0220005522095969	0.736804588288953	0.25924143711943	0.00180375475745931	0.00215021983415764	0.994441625032336	0.00314434436243836	0.00241403060522582	0.971890206774078	0.00789707938398717	0.0202127138419345	0.897151880102822	0.00475530967424789	0.00814710729746854	0.089945702925462	0.833011024340399	0.00950925615537482	0.00705099926454587	0.15042872023968
0.913425520816318	0.0674339945116049	0.0110206927948492	0.00811979187722773	0.901274176671829	0.0562643881469602	0.0105085844416328	0.0319528507395779	0.723716577418515	0.271693320036428	0.0031325321268882	0.00145757041816857	0.99293508117741	0.000342563246362508	0.00672235557622746	0.985013605406248	0.000624662830418188	0.0143617317633338	0.900283819413495	0.00668239822691852	0.00192515311305309	0.0911086292465338	0.830315036661804	0.0065621551002404	0.00672850798160867	0.156394300256347
0.921358423176421	0.0625583953151717	0.00647074872421428	0.00961243278419297	0.901318091353605	0.0623629831277707	0.0113818718923081	0.0249370536263165	0.71587161294825	0.281819662160231	0.00100463964950445	0.00130408524201432	0.983650889676482	0.00500919204981227	0.0113399182737058	0.984528720848257	0.00125096095509267	0.0142203181966506	0.894788112115747	0.00885644932305226	0.00603083947171627	0.0903245990894839	0.829124237734102	0.00952430761022102	0.00679550305813737	0.154555951597539
0.931743804544824	0.0529311118888218	0.00987019077680112	0.00545489278955349	0.89960071376789	0.0634086977216495	0.00778378923882552	0.0292067992716347	0.722570941989013	0.275415260678989	0.000998729400972795	0.00101506793102517	0.98943715477399	0.000203518150928889	0.010359327075081	0.9747666710243	0.00497807818578655	0.0202552507899134	0.894631529668682	0.00296293947592177	0.00829380787137156	0.0941117229840246	0.833379983811565	0.00272623124500088	0.00656250988887333	0.157331275054561
0.921681410700801	0.0591690390999891	0.00809147080239745	0.0110580793968124	0.902573637806752	0.0631279277647563	0.00737588767340589	0.0269225467550857	0.703749705564537	0.287038759229501	0.00312957008376489	0.00608196512219688	0.985642492866322	0.00541250954100717	0.00894499759267061	0.988211632785755	0.00211584993156427	0.00967251728268024	0.901558618106222	0.00193665326632319	0.00385088212315191	0.0926538465043027	0.825525097004448	0.00674380305749023	0.0131684386364424	0.154562661301619
0.920116805190316	0.0637851986858506	0.00483669021255913	0.0112613059112743	0.903326732708276	0.0636049542146072	0.00903132071503203	0.0240369923620848	0.720785025260419	0.277162816281252	0.00167108004566385	0.000381078412665137	0.992721745498663	0.00293864993132481	0.00433960457001241	0.976727589224203	0.00920951866214914	0.0140628921136481	0.900638108589232	0.00088966287161837	0.00193723989484493	0.0965349886443045	0.831696220623428	0.00721222083554187	0.00600645099332282	0.155085107547707
0.924452866543101	0.05802508998209	0.00764706659271467	0.00987497688209404	0.900556341094413	0.0579518904766144	0.0112202251973968	0.0302715432315755	0.723247989548138	0.274090923272288	0.000822274644456325	0.0018388125351181	0.985288921126132	0.00494856029928404	0.00976251857458431	0.987504831821	0.00338887958642177	0.00910628859257826	0.898632263969943	0.00434315612576878	0.00513939265899312	0.0918851872452955	0.832936879492773	0.0057106712191341	0.00197498417788581	0.159377465110207
0.916750264972768	0.0646567182306668	0.00405174026828256	0.0145412765282825	0.900889135792945	0.0659715547427459	0.0100246757253172	0.0231146337389921	0.706838497929584	0.28322160906746	0.00849082304389026	0.00144906995906497	0.98992933742008	0.000449940502952533	0.00962072207696727	0.983000038627452	0.00488975181468573	0.0121102095578626	0.900837449201465	0.0044497737459863	0.0059107293086959	0.088802047743853	0.826000154624949	0.00790522063171591	0.00892553972514775	0.157169085018187
0.914929727187184	0.0669518204997461	0.0112160470548824	0.00690240525818697	0.916315128035191	0.0577240032970042	0.00820563576572134	0.0177552329020832	0.718926819208707	0.278651636611111	0.00123947933898973	0.00118206484119302	0.981877961963429	0.00591724824072567	0.0122047897958454	0.982248883184906	0.0031076310227646	0.0146434857923299	0.896424522921571	0.00304377179621829	0.0118852825037328	0.0886464227784779	0.832474931312393	0.00143344531011448	0.00470825024202984	0.161383373135462
0.919779199934684	0.0559224827218822	0.014836801433446	0.00946151590998762	0.896127308239627	0.0602529553159821	0.014272321947297	0.0293474144970943	0.720227895420934	0.278283442495286	0.0012691955844257	0.000219466499354001	0.991757525283157	0.000540948838541057	0.0077015258783025	0.985655354763994	0.00660372773795688	0.00774091749804929	0.90223119684381	0.003198179192743	0.00291643622968918	0.0916541877337579	0.827373250043203	0.00414403584111397	0.00365966858486804	0.164823045530815
0.913777942037777	0.0578928299088379	0.015318986929539	0.0130102411238462	0.911313137105988	0.0473371358098573	0.0119181988078388	0.0294315282763155	0.725596816675475	0.268942817712467	0.00271247115228856	0.00274789445976975	0.989553610399262	3.07278328497219e-05	0.0104156617678882	0.983371439225155	0.0063743099908492	0.0102542507839953	0.899127809399473	0.00282764755499424	0.00526125908695475	0.0927832839585777	0.821620559487895	0.00925739724722836	0.00853102057719095	0.160591022687685
0.919023572413744	0.0527227165554239	0.0113484376523316	0.0169052733785005	0.905352548376803	0.0546926528288776	0.0143948028318511	0.0255599959624682	0.716041342697587	0.282249710560308	0.000732469056876391	0.000976477685229174	0.985943402009683	0.00277125162113376	0.0112853463691836	0.978366095227342	0.000213290311871681	0.0214206144607869	0.901219831122613	0.00354744859437091	0.00224892970993242	0.0929837905730835	0.829993202476394	0.00883184106451456	0.00300658031609575	0.158168376142996
0.917792946255746	0.0666214868997513	0.00830718074133548	0.00727838610316751	0.8996990243086	0.0641209622363163	0.0100839398288674	0.0260960736262162	0.716741092432969	0.279550391913811	0.00300780383947177	0.000700711813748622	0.983898549587936	0.00653070984422092	0.0095707405678435	0.972974206355903	0.0093243946974027	0.017701398946694	0.908926833379871	0.000609670486523818	0.00450970645033274	0.085953789683272	0.826289174466844	0.0118726344460966	0.00397473017532315	0.157863460911737
0.913250710633255	0.0655703879614478	0.0124694043585292	0.00870949704676841	0.895199519758783	0.0655568872091124	0.0119394421208147	0.0273041509112899	0.720305272842531	0.273936987395458	0.00389701579749927	0.00186072396451152	0.987536520730424	0.00164520544255646	0.0108182738270198	0.983151622601619	0.00336523809194011	0.0134831393064411	0.903438660001918	0.00350023077140083	0.00161334824647357	0.0914477609802076	0.826448876555837	0.0054448329023305	0.00882287731653333	0.1592834132253
0.919114653547498	0.06485330379606	0.00589635052963318	0.010135692126809	0.902595804957158	0.057799719718914	0.0105978371261498	0.029006638197778	0.710821247884075	0.283164735715951	0.00521809218828308	0.000795924211691355	0.98514876890908	0.0021566274941228	0.0126946035967969	0.983725450445392	0.0018695401133225	0.014405009441286	0.901902443387787	0.00415174765498309	0.000279926901972604	0.0936658820552577	0.833493161972416	0.00580501030456423	0.00174657949007203	0.158955248232948
0.922120865459046	0.0570485787199016	0.0124947680723913	0.00833578774866094	0.905820716925539	0.0589392263804463	0.012530268678848	0.0227097880151665	0.725613422266035	0.272244028909067	0.00133258936914982	0.000809959455748419	0.985749197533122	0.000284576184917515	0.0139662262819607	0.982361924581208	0.00193100405840443	0.0157070713603875	0.892556577105857	0.00485090697716208	0.00653865225350506	0.0960538636634759	0.82921625634145	0.00879791494756441	0.00530064287431759	0.156685185836667
0.919809768237111	0.0569600353800175	0.0127691367585058	0.0104610596243661	0.90360068642715	0.0629126148029996	0.00969087446256874	0.0237958243072819	0.701352519501924	0.290783020057056	0.00367120326218257	0.00419325717883756	0.986360186495345	0.00267574945284781	0.0109640640518072	0.984276095487356	0.0062972653283656	0.00942663918427811	0.90267115578227	0.00144377069270323	0.00514091719358263	0.0907441563314441	0.823185796494072	0.00854982855576887	0.00690274272884596	0.161361632221313
0.910977979132624	0.06490846456235	0.0101050851442005	0.0140084711608255	0.903210998219101	0.059261777790558	0.012429343479519	0.0250978805108225	0.720137593831557	0.271696651881577	0.00705410624384605	0.0011116480430195	0.98441045761317	0.00370925091424859	0.0118802914725811	0.981118057295964	0.002159236924644	0.0167227057793918	0.891821434713856	0.00447270223870462	0.00751057595249013	0.0961952870949487	0.828450600303009	0.00846657826685618	0.0038741598199744	0.15920866161016
0.906843322326125	0.065292057148728	0.0176275268971593	0.0102370936279874	0.897238738331439	0.0655727111082956	0.0114146095760046	0.0257739409842613	0.715006226597899	0.28181878185236	0.00148796801599238	0.00168702353374956	0.989079672956769	0.00202433554743884	0.00889599149579261	0.985781338537557	0.00142810133143347	0.0127905601310097	0.899891741086055	0.00468450128337164	0.00301501321685119	0.0924087444137218	0.836618462999259	0.00215507537279139	0.0055988364762713	0.155627625151678
0.919793460869462	0.0614672833376093	0.0119037872553196	0.00683546853760937	0.901032254624085	0.0589138280917942	0.0133575139887799	0.0266964032953404	0.716869605072284	0.275839537141389	0.00102312395628423	0.00626773383004285	0.99157189853393	0.000652758555032479	0.00777534291103786	0.979640086722754	0.00465596146381298	0.0157039518134328	0.896544411582099	0.00388079413006652	0.00877371834916452	0.0908010759386703	0.833225684227218	0.00509396798197698	0.00266489140784576	0.15901545638296
0.911558174675233	0.070838325444089	0.0128645944586012	0.00473890542207673	0.902623033684487	0.0565120407965295	0.00850801421901876	0.0323569112999648	0.712571261661067	0.282363446128333	0.00440727618344834	0.00065801602715208	0.988684621654813	0.000428365142542873	0.0108870132026439	0.984612740576143	0.00477454658527414	0.0106127128385834	0.895348251095026	0.00482582524086651	0.00501277110399372	0.0948131525601135	0.821596635900461	0.0093084201028924	0.00620166704578512	0.162893276950861
0.920985374870289	0.0621010890260034	0.00784694471409736	0.00906659138961042	0.908806787530992	0.0561638655701682	0.0108861842491508	0.0241431626496893	0.726140925653464	0.267037452830481	0.000403956974325027	0.00641766454172961	0.993643740473076	0.000630663445411684	0.00572559608151258	0.981490988072406	0.00295975727264931	0.0155492546549447	0.895543998715215	0.00715187174290902	0.00643699660957808	0.0908671329322981	0.825301728089272	0.0120563011219356	0.00603235614430945	0.156609614644483
0.926336645463539	0.0574436835370169	0.00733599254548699	0.00888367845395734	0.910399020205255	0.0612667732516031	0.00636337347231978	0.0219708330708227	0.710339444624773	0.283661314017957	0.00169871308954056	0.00430052826772863	0.994509119285693	0.00169412912273947	0.0037967515915675	0.982339092148285	0.00502747405765331	0.0126334337940616	0.896504933946545	0.00264441566944984	0.00949660663006802	0.0913540437539373	0.837476490461811	0.00439534779394908	0.00227079758649122	0.155857364157748
0.915888031225964	0.064295024845892	0.00683622370952609	0.0129807202186176	0.901952969046715	0.0611215338834768	0.0172970670591711	0.0196284300106368	0.718011580353069	0.279090861606948	0.00256721302170457	0.000330345018279227	0.990475516190404	0.000213930455556448	0.00931055335403967	0.981822954344025	0.00315134654619968	0.0150256991097758	0.901842758595233	0.00592306831858047	0.00395308262317166	0.0882810904630151	0.830561325390539	0.00477179851083172	0.00392752173870639	0.160739354359923
0.920435064224063	0.0598888691747843	0.00714399975449174	0.0125320668466611	0.904606828014724	0.0567622595790239	0.010854678738237	0.027776233668015	0.713940037858352	0.283889703288922	0.00154098720760163	0.000629271645125032	0.993797665736446	0.000467013460254043	0.00573532080330038	0.979205035473752	0.00604873967794423	0.014746224848304	0.900940461075553	0.00918408129085765	0.00537249242910726	0.0845029652044822	0.829683911196568	0.00755162114475055	0.0058584899013678	0.156905977757314
0.92723487237936	0.0614515887288235	0.00732486157969105	0.00398867731212508	0.908560583847151	0.0573933071757825	0.00739650862544096	0.0266496003516256	0.71176556693627	0.28100601694961	0.00397526604426826	0.00325315006985221	0.989816996508472	0.00394152392557137	0.00624147956595661	0.984071904624447	0.000684402135632176	0.0152436932399213	0.903712546204278	0.00286251367517866	0.00365125349106979	0.0897736866294736	0.824034756253948	0.0118229310600517	0.00518047772815113	0.158961834957849
0.915245227491432	0.0635475231869902	0.00875742088700586	0.012449828434572	0.902070274606402	0.0619812509826436	0.00811842127580776	0.0278300531351466	0.713156985118446	0.280793272436648	0.00273318395654602	0.00331655848835927	0.983850637176962	0.00352424553106558	0.0126251172919723	0.981361889012714	0.000993830625923227	0.0176442803613623	0.892570784407949	0.00410348612218079	0.0100546746314529	0.0932710548384174	0.835046680857072	0.00447398281031377	0.00225149252025864	0.158227843812356
0.913689675485939	0.0615131628750804	0.0157773073449565	0.00901985429402462	0.894962368626377	0.0704980685511627	0.00790648998035292	0.0266330728421071	0.719676030948161	0.276903276780534	0.00118559280297132	0.00223509946833381	0.986768562078793	0.00507501182395131	0.00815642609725613	0.978342522780491	0.00788690767831513	0.0137705695411937	0.904067307529196	0.00129017445254854	0.00546037881306275	0.0891821392051925	0.829203381208993	0.00738584008491289	0.0043528277735933	0.159057950932501
0.911410027456239	0.0657730897025333	0.00826496218688887	0.0145519206543386	0.906023240444218	0.0555439662928074	0.0122090249404338	0.0262237683225407	0.717470716821497	0.275799689823442	0.00321931276672183	0.00351028058834025	0.99563226522114	0.0010485950279945	0.00331913975086594	0.983498521884734	0.00421899914109397	0.0122824789741722	0.900710838905526	0.00285959622139138	0.00330223840187546	0.0931273264712074	0.828701796906809	0.0100579428212381	0.00359406559702416	0.157646194674928
0.917610337689173	0.0571136980074445	0.0152682836439237	0.0100076806594586	0.89898537975904	0.0638565769726757	0.0112653436254224	0.0258926996428618	0.729024783107579	0.268502071543913	0.000958179818947685	0.00151496552955964	0.985906517770993	0.0078253551797726	0.00626812704923482	0.979618505771174	0.00655527709664511	0.0138262171321807	0.899552648208267	0.00746126589189998	0.00465284376329074	0.0883332421365426	0.827541001534181	0.00773976321818383	0.00225469682585204	0.162464538421783
0.919904030268279	0.0523793125365278	0.0169483725628032	0.01076828463239	0.907252027682764	0.0600275601836287	0.0123284909535875	0.0203919211800194	0.715258770826239	0.280313163140476	0.0019036696956389	0.00252439633764607	0.991213018988626	0.000703165139477275	0.00808381587189662	0.985474805610265	0.00155019619720418	0.012974998192531	0.898888573156012	0.00126959877437539	0.00490628689149959	0.0949355411781132	0.829488896778239	0.00852649601017002	0.00509787617738062	0.156886731034211
0.914683401439598	0.0665805485215634	0.0140230418364783	0.00471300820235993	0.907805870910483	0.0548463246620272	0.00793013232198731	0.0294176721055023	0.723570691553366	0.272735069363441	0.00239288398736528	0.00130135509582743	0.984041000000368	0.00402576020037118	0.0119332397992604	0.982041634047659	0.00271367924998199	0.0152446867023587	0.895716715667858	0.00565719625309228	0.00615426290244884	0.0924718251766008	0.829024463576281	0.00564555204261924	0.00321416288249509	0.162115821498604
0.921883902053275	0.0592058363051202	0.0120149598475356	0.00689530179406956	0.899767664814433	0.0629635963280846	0.0130722388501931	0.0241965000072895	0.709157479251218	0.286439833496306	0.00193354011391969	0.0024691471385566	0.984274361057964	0.00655944599906475	0.00916619294297166	0.977724340369066	0.00367458669852712	0.0186010729324073	0.905649730218615	0.00219263845913596	0.00229665977274009	0.0898609715495089	0.82379605508852	0.00408833374552447	0.0125376403833874	0.159577970782568
0.905861983857682	0.0658848185031777	0.013679587477255	0.0145736101618856	0.906780439133687	0.0604697008030387	0.00708037680502485	0.0256694832582495	0.724230564868394	0.27133954224818	0.00211033798924166	0.00231955489418423	0.99425010065844	0.00287165172857859	0.0028782476129815	0.983806632267067	0.00345697400155691	0.0127363937313758	0.898471664091936	0.00375901601289553	0.00185609978825661	0.0959132201069119	0.824455609405873	0.0079315342710331	0.00738177446124906	0.160231081861845
0.924261028681463	0.0612054758162962	0.00635672602737235	0.00817676947486865	0.905096982529305	0.0551795662155836	0.00856704073664644	0.031156410518465	0.719373815723772	0.268865039581175	0.0115114676487683	0.000249677046285205	0.990200985528776	0.00172033033106846	0.0080786841401557	0.98214273552861	0.0027741669263488	0.0150830975450412	0.904081665151956	0.00263051834326101	0.00372251918956194	0.0895652973152212	0.834844612036693	0.00404512384449153	0.000801784216305849	0.16030847990251
0.910487995018633	0.0663867980834326	0.00976193363841477	0.0133632732595196	0.904166797796754	0.0598940092033736	0.00619972669789988	0.0297394663019721	0.709883799858733	0.285722059435037	0.00173932618381738	0.00265481452241266	0.984296152908649	0.00569923285020867	0.0100046142411417	0.9820189861493	0.00465028414087801	0.0133307297098219	0.904130691032751	0.00261693683597722	0.00293425482076316	0.0903181173105082	0.826044892810677	0.00880959707321957	0.00635729688964036	0.158788213226463
0.908342095771521	0.0713255324557891	0.0105329753733532	0.00979939639933698	0.901108285420462	0.0597508618635674	0.00855409659987495	0.0305867561160963	0.713605871726076	0.279888360084371	0.00339248414202777	0.00311328404752501	0.992645750654099	0.000335966898521055	0.0070182824473803	0.982603079344546	0.00360731563168624	0.0137896050237677	0.894428247102787	0.00700353122392104	0.00595683601706055	0.0926113856562315	0.828880276715721	0.00620385253197067	0.00608892842905445	0.158826942323254
0.920785646858002	0.0589728761747104	0.0120245891522886	0.00821688781499908	0.899177349228962	0.0589129301970794	0.0118168866572295	0.0300928339167286	0.707803812319857	0.286594987838763	0.000859995586199903	0.00474120425518005	0.995311720324989	0.00202916541166164	0.00265911426334889	0.987667345524722	0.00125963131206609	0.0110730231632115	0.900567933350268	0.0062997548105147	0.00261807103138818	0.090514240807829	0.829240629889601	0.00670182903174255	0.0101668436872119	0.153890697391445
0.916126486538068	0.0617539223841605	0.0100852775450118	0.0120343135327593	0.909479131339724	0.0580780885212522	0.00129256546147259	0.031150214677551	0.716358810441274	0.281685991806712	0.000544840119979865	0.00141035763203405	0.986221633968479	0.00216344617607198	0.0116149198554485	0.980279092967846	0.00452524965533744	0.0151956573768169	0.897704659634122	0.00801130194467317	0.00574614758450516	0.0885378908366996	0.831090726372377	0.00373133275030186	0.0101459447361312	0.15503199614119
0.916776684906034	0.0619898554844152	0.009393174407027	0.0118402852025239	0.909243400017929	0.0566215738839168	0.0117993175516903	0.0223357085464636	0.718007415414195	0.280356577726914	0.000913703801469925	0.000722303057421325	0.993090717999003	0.000617986634494277	0.0062912953665023	0.980463962750075	0.000123098876210395	0.0194129383737146	0.894041771198403	0.0105912559166497	0.00330160836884445	0.0920653645161034	0.826599984593022	0.0105880944057814	0.00337420655159431	0.159437714449602
0.917652002011101	0.0705266645812162	0.00564355663871962	0.00617777676896274	0.916122463732307	0.052793056568739	0.00542491912503083	0.025659560573923	0.703340940462058	0.294378842532576	1.67679849732793e-05	0.00226344902039291	0.982689085809836	0.00536643099386433	0.0119444831962991	0.984639640116794	0.00501018245988207	0.0103501774233237	0.894325689362298	0.0021639058831228	0.0076568875740893	0.0958535171804901	0.826062288644857	0.0104518011507835	0.00515938924633623	0.158326520958023
0.913180330549929	0.0665332919114104	0.0115988135001431	0.00868756403851758	0.903316997785922	0.0664487576322545	0.00700604761896283	0.0232281969628606	0.711104340275898	0.282765630847445	0.00450933775343093	0.00162069112322529	0.991881998429723	0.00033060288800248	0.00778739868227471	0.981908452971862	0.00147553460449532	0.0166160124236423	0.896536071377785	0.000465240654824335	0.0071564966751908	0.0958421912922	0.826534534371495	0.00971843045912652	0.00272743118929266	0.161019603980086
0.920326381091114	0.0655748738843552	0.00751380294774545	0.00658494207678509	0.898864205823942	0.058137610483333	0.00976962967268427	0.0332285540200406	0.707684624214516	0.288479017527307	0.0020415860788789	0.00179477217929774	0.987979939483537	0.00364177683656154	0.00837828367990176	0.982506536046897	0.000651914445291073	0.016841549507812	0.900586230248787	0.000565937351760364	0.00523092012009456	0.0936169122793578	0.830094202859487	0.00433364832144389	0.00881678336272654	0.156755365456342
0.921132223686152	0.0681221600953293	0.00263291041076977	0.00811270580774863	0.91262258535633	0.0610353530045106	0.00607785138704319	0.0202642102521159	0.708666390624649	0.287086149733153	0.00143065054090027	0.00281680910129708	0.995697779210016	0.000866263908656968	0.00343595688132726	0.977412760405965	0.00106278673699714	0.0215244528570374	0.891859468431603	0.00988736010205754	0.00653934397311713	0.0917138274932228	0.829610742186397	0.00839943287421864	0.000207373399477299	0.161782451539907
0.927397313468338	0.0485934493720568	0.0125581611531654	0.0114510760064402	0.9042148212183	0.0553879274854948	0.0141815980956117	0.0262156532005931	0.715636436662007	0.276436375829872	0.0037835247085704	0.0041436627995505	0.99149306176926	0.00204196500264798	0.00646497322809222	0.980501791665424	0.00211741447544471	0.0173807938591308	0.895519453424948	0.00829109896272524	0.00237323394520039	0.0938162136671267	0.826616040121416	0.00788057296480786	0.00657375535411387	0.158929631559662
0.91916913749414	0.0654567312670564	0.00629256576557241	0.00908156547323124	0.904433206303122	0.0564987018778799	0.0100212452714589	0.0290468465475395	0.710930818366759	0.285711688509014	0.00322061274074213	0.000136880383484352	0.987956393945844	0.00699289390348986	0.00505071215066618	0.981031134013608	0.00415139028508759	0.0148174757013043	0.902818243100733	0.00530492662653205	0.00428598099277082	0.0875908492799639	0.822756050694628	0.00715117263625624	0.0070404032863285	0.163052373382787
0.925292054461145	0.0539197990886438	0.0108714703285202	0.00991667612169082	0.905124344271998	0.0581045040372094	0.0098170870627915	0.0269540646280009	0.729369739340521	0.264056775859943	0.00399073078341587	0.00258275401612071	0.992443183123977	0.000413532048700667	0.00714328482732202	0.980244828889576	0.00327147235494446	0.0164836987554796	0.901876496786283	0.00269745370897588	0.00357675156310715	0.0918492979416335	0.825787084748719	0.0067440796884072	0.00508433866897593	0.162384496893898
0.921689676462445	0.0622583053984136	0.00603734653790432	0.0100146716012374	0.895190068034293	0.0696475250599236	0.00815357389248005	0.0270088330133035	0.724138874089855	0.272440806353868	0.00321942060623984	0.000200898950037091	0.98715792074372	0.000186898436043918	0.0126551808202365	0.985739876331408	0.000856132282477393	0.0134039913861148	0.89521725623445	0.00531404233177756	0.00980229530547615	0.0896664061282964	0.831298596907696	0.00548329957785424	0.00357663983250637	0.159641463681943
0.924781718806604	0.0623542084795455	0.00478016911485226	0.00808390359899818	0.908172209866128	0.0569842709724584	0.00493491102208088	0.0299086081393328	0.719044209655995	0.273028922554944	0.00430554957580877	0.00362131821325209	0.990599078842437	0.00167093297011239	0.00772998818745037	0.983150408480148	0.0022724620323965	0.0145771294874559	0.895063018387087	0.00586252288560545	0.00488556865152359	0.0941888900757842	0.829462829293681	0.00646244272280213	0.00676444301808782	0.157310284965429
0.924651355811803	0.0527523638955941	0.0102422623632458	0.0123540179293566	0.91390249075371	0.0596110337481535	0.00678637340526212	0.019700102092874	0.715516966463967	0.282859908380598	0.00117217658550238	0.000450948569932195	0.983661292757673	0.00437580158146434	0.0119629056608627	0.972975076377546	0.00812243726488168	0.0189024863575727	0.901718062428323	0.00595243129746761	0.00469923701020051	0.0876302692640084	0.831038490112607	0.00667222202974302	0.00831144521017008	0.15397784264748
0.920315355178093	0.0632628369086182	0.00612701388917764	0.0102947940241108	0.901436447133924	0.0628061975444363	0.0112243801862479	0.0245329751353921	0.716493807973956	0.276058879988988	0.00552449032117944	0.00192282171587651	0.984211964652259	0.00194439303860043	0.0138436423091405	0.985764774740078	0.00656815957304679	0.00766706568687523	0.896804819894935	0.00694795309378769	0.00364211019912293	0.0926051168121542	0.831883160704897	0.000590321342951788	0.00682778701863489	0.160698730933516
0.92081325542039	0.0588489413056688	0.00953905727391133	0.01079874600003	0.914466375838435	0.0527519043961976	0.00594889103948271	0.026832828725885	0.705941377589195	0.292119567998199	0.000484150163393717	0.00145490424921276	0.986161310924196	0.00157917241912786	0.0122595166566759	0.983465413082049	0.000961113966848286	0.0155734729511024	0.894160198029074	0.00814258170611301	0.0068220772620354	0.0908751430027778	0.827401288595659	0.00359358523059419	0.00426067771433091	0.164744448459416
0.924684863866749	0.0588250231041922	0.00783258482178526	0.00865752820727326	0.898785860386819	0.0651425580347613	0.00989795755674792	0.0261736240216715	0.733666275547954	0.263597931380277	0.00254929151191499	0.000186501559854744	0.99528003978469	0.00203284608338818	0.00268711413192213	0.97834273969511	0.00725938487745561	0.0143978754274348	0.904991693882317	0.00380945768909826	0.00204165566072166	0.0891571927678633	0.827123378376958	0.00539666804888669	0.00845783695047714	0.159022116623678
0.92072478366275	0.055260803694153	0.0134340954561255	0.0105803171869716	0.891940022615041	0.0602536338467686	0.0164374994426357	0.0313688440955546	0.712465148631199	0.281948017326442	0.00346771389951268	0.00211912014284679	0.993965269442524	0.000786554544753163	0.00524817601272341	0.984355801531585	0.00109857196688674	0.0145456265015285	0.908483132478016	0.00397902840590086	0.00343427355571425	0.0841035655603685	0.829893179766306	0.00779620923186481	0.00561701251525053	0.156693598486579
0.913367004376427	0.0650978934737988	0.0127579153723229	0.00877718677745057	0.90781043946739	0.0636135778255202	0.00549493080591739	0.023081051901172	0.718573045035425	0.273336337395632	0.00193996140404832	0.00615065616489455	0.986832876358629	0.00379073411224684	0.00937638952912438	0.985755370518304	0.00320310217022378	0.0110415273114722	0.903816479112665	0.00328665949759658	0.00527474216794744	0.0876221192217909	0.823320951067834	0.00375817423991504	0.0110684012620612	0.16185247343019
0.896978189019818	0.0688481632131845	0.0184088782213311	0.0157647695456662	0.901141355717292	0.067577864358387	0.0102693986549545	0.0210113812693665	0.707553601888847	0.288099400667237	0.0043377955914558	9.20185246017145e-06	0.989172951324398	0.00414282748289443	0.0066842211927082	0.987974308911192	0.00180098321488292	0.010224707873925	0.896577751514438	0.00417501642703291	0.00392439495951157	0.0953228370990174	0.835445409475472	0.00499116716453089	0.00142095456220232	0.158142468797795
0.934562532351197	0.0521811331659711	0.0114998672607836	0.00175646722204835	0.906670175730526	0.058683698012666	0.00786490114590697	0.0267812251109008	0.725732401263003	0.271255687134548	0.00234481924605176	0.000667092356396803	0.984910665597406	0.0030902178553673	0.0119991165472263	0.979323969980002	0.00556883397099912	0.0151071960489984	0.898533094764288	0.00622951843514147	0.00347023134234519	0.0917671554582256	0.833140769272105	0.00200496244005824	0.00603455870276743	0.15881970958507
0.912444947728131	0.0618186806766072	0.0160634878120765	0.00967288378318529	0.907912243030532	0.0591885144928186	0.0103335805364776	0.0225656619401717	0.706373116914296	0.289392742487907	0.00225021794328002	0.00198392265451795	0.987104620715996	0.000377628854172065	0.0125177504298314	0.980975596522642	0.00333238295810565	0.0156920205192528	0.899364604979864	0.00462015756604073	0.00347484190116905	0.092540395552926	0.826904334637937	0.0081287703172582	0.010976129314024	0.153990765730781
0.924355001516877	0.0548956155539782	0.0100071176531704	0.0107422652759739	0.898225608405375	0.0630530236315792	0.00918803129367464	0.0295333366693706	0.728932272833251	0.269835290036635	0.000897450129552745	0.000334987000561571	0.994838077897124	6.70106923565585e-05	0.00509491141051902	0.991441182420473	0.00151558412527192	0.00704323345425487	0.90291257403086	0.00491859528838234	0.00288522967374901	0.0892836010070087	0.832403459677943	0.00572235298444219	0.000314451001233638	0.161559736336381
0.917812845980834	0.0582890487141451	0.0116534024196324	0.0122447028853885	0.905840906170756	0.0601658840833221	0.00962943538139988	0.0243637743645222	0.706576070453761	0.289997873771233	0.00272439107269774	0.000701664702308471	0.989889733766851	0.00261330503039389	0.00749696120275477	0.985138276009489	0.00357636441939493	0.0112853595711164	0.907786986475934	0.000914809289604433	0.000605622506714235	0.0906925817277471	0.822149701697138	0.0107064638924035	0.00917691711511601	0.157966917295342
0.919544177124197	0.060371748793795	0.00897371220902823	0.0111103618729798	0.889566668878449	0.0660677413794339	0.0140604669505184	0.0303051227915989	0.718936978607168	0.275194747153177	0.00502334786607282	0.000844926373582536	0.984729741485063	0.00228185522887569	0.0129884032860613	0.98877900858675	0.00149885642118612	0.00972213499206334	0.898094785284971	0.00551527421675918	0.00388180747601752	0.0925081330222519	0.830600324400393	0.00537385637578158	0.00757522092859862	0.156450598295226
0.921411943561613	0.0634592187811025	0.00650719526412759	0.00862164239315681	0.89794080057251	0.0656262537066251	0.0101365993663817	0.0262963463544831	0.71048850482316	0.287263197934317	0.000597379065523381	0.00165091817699966	0.984024896854541	0.00328349823611302	0.012691604909346	0.981728419832632	0.00558331702067889	0.0126882631466895	0.89475570152254	0.00394380291292692	0.00859406250112742	0.0927064330634051	0.831299507203696	0.00301190159312255	0.00425589619561198	0.161432695007569
0.924716146404214	0.0520063986857683	0.00918146107371618	0.0140959938363015	0.910321685963663	0.0610934419865687	0.0089565336268836	0.0196283384228847	0.713193655768109	0.2855915825831	0.00103463498539281	0.000180126663397933	0.989423844870075	0.00308647157868626	0.00748968355123914	0.983954790685223	0.000101654760086462	0.0159435545546902	0.901390728745105	0.000586065363807909	0.00413224512360994	0.093890960767477	0.814851795430948	0.0131484522088348	0.012402367435573	0.159597384924644
0.916816698370007	0.0648193730305361	0.00994806521435162	0.00841586338510509	0.901115136363637	0.0616578844752374	0.013515737306971	0.0237112418541547	0.73121623722081	0.266132556489828	0.00156550768918807	0.00108569860017384	0.989707586112511	0.00290700402858115	0.00738540985890779	0.980777602413595	0.00320361060787326	0.0160187869785313	0.894289605895731	0.00558384647064013	0.00538962192556086	0.0947369257080679	0.824744216462013	0.010294602492919	0.00999280010679636	0.154968380938271
0.921324476462278	0.0656124859003975	0.00475810989685747	0.00830492774046672	0.903222363032483	0.0625793817754322	0.00604352851829669	0.0281547266737883	0.721003792149933	0.277705239031638	0.00101202422641148	0.00027894459201824	0.995818928573131	0.000101538686268948	0.00407953274060022	0.981497282042816	0.00293405250625126	0.0155686654509323	0.904025105896919	0.00477605153267539	0.000822949890467334	0.0903758926799378	0.827726756149455	0.00916613800454135	0.00433350140134559	0.158773604444658
0.920413354500993	0.0620100110575945	0.00984981916226031	0.00772681527915181	0.902767781221465	0.0632971267250056	0.00872024794085503	0.0252148441126748	0.712482059152617	0.282104066139712	0.00246718443608337	0.0029466902715869	0.989621647219478	0.00169118953190684	0.00868716324861514	0.977309877197719	0.00268174748128617	0.0200083753209945	0.8934325166235	0.00654314393455913	0.00691858144967995	0.0931057579922605	0.824793149101519	0.00894135670283257	0.0122505255248181	0.154014968670831
0.927309137787965	0.0614809350162441	0.00762399323192975	0.00358593396386138	0.90933222620648	0.0619404095309765	0.00665669783405252	0.0220706664284911	0.722468610907405	0.275528774156367	0.000302026884914596	0.00170058805131394	0.98243294850898	0.0040946602446917	0.0134723912463287	0.980050361337775	0.00427522211812093	0.0156744165441041	0.902649224440577	0.00786850125048102	0.00328947874112851	0.0861927955678133	0.82183943530288	0.00928538205164858	0.00772439609347291	0.161150786551998
0.921787760178354	0.0659070863043689	0.00391818659870422	0.00838696691857315	0.902883088123592	0.0596114258746456	0.0137591818169128	0.0237463041848499	0.730848106035666	0.264097915350041	0.000625916106926566	0.00442806250736612	0.988029751950612	0.00441197726236127	0.00755827078702656	0.983514819047299	0.000396338928221187	0.0160888420244797	0.896683865667462	0.00957389380720397	0.00322713491182736	0.0905151056135066	0.826847285360224	0.0124174414400252	0.00551895827242279	0.155216314927328
0.919657866469387	0.0609056583218754	0.00817020985179101	0.011266265356947	0.90817295011218	0.0566166294002842	0.0102519997606265	0.0249584207269094	0.711478402014509	0.282198901130031	0.00589397281779097	0.000428724037669028	0.989316666779349	0.00243159818472946	0.00825173503592144	0.984531050192592	0.00169511063234221	0.0137738391750653	0.894332302206186	0.00368974204613541	0.00701696578135039	0.0949609899663284	0.8275070212987	0.00595099142554287	0.00681333569394735	0.159728651581809
0.920705199880609	0.0613711881695664	0.00809470347597297	0.00982890847385144	0.907359384494485	0.0584696765389965	0.00419454765384892	0.0299763913126691	0.723090173342912	0.271998075981748	0.0010336720300353	0.00387807864530442	0.987145346252226	0.00250068276812124	0.0103539709796522	0.974599867526672	0.00636386565847274	0.0190362668148557	0.898350383417684	0.00788362372038662	0.00890004210464598	0.0848659507572833	0.826948240415558	0.00789327705134284	0.00512346691672465	0.160035015616375
0.920303069694014	0.0618051463028194	0.0106312298295163	0.00726055417365023	0.902333924670583	0.0583576203684294	0.0109674254600913	0.0283410295008966	0.717436910966975	0.278273711065906	0.00242078278680724	0.00186859518031153	0.993152730273837	0.00368768437872848	0.00315958534743443	0.979414707878995	0.000284705267682417	0.0203005868533227	0.892488233058914	0.00877396241920157	0.00391960313489078	0.0948182013869936	0.821842289514355	0.0108280186108252	0.0098605970031557	0.157469094871664
0.918193266701652	0.061681250269493	0.0135058401602133	0.00661964286864127	0.902603530354153	0.0658774575542369	0.00783389144715136	0.0236851206444592	0.718224716220798	0.272585884185296	0.00426182187688584	0.0049275777170203	0.986913764043886	0.00164291730639287	0.011443318649721	0.980147468842959	0.00407391879155725	0.0157786123654837	0.896532901965707	0.00501876953584361	0.00851785888422659	0.0899304696142231	0.82792807037738	0.00983320012912978	0.00600217189610943	0.156236557597381
0.919126046855599	0.063310961533077	0.0101311418493411	0.00743184976198286	0.904929280669803	0.0621285985042757	0.00815438982729422	0.0247877309986273	0.710139018168223	0.284143905509353	0.000534354033820613	0.00518272228860344	0.986503390972723	0.00217504654235718	0.0113215624849198	0.983202720593581	0.00106537696399793	0.0157319024424208	0.89059404558607	0.00961995696361689	0.00841973294383383	0.0913662645064788	0.824282889817217	0.012868810174217	0.00263983803791506	0.160208461970651
0.919919229121108	0.0647408124250212	0.00681031471155532	0.00852964374231573	0.909005966450554	0.0587509889761096	0.00663789178370177	0.025605152789635	0.712554977890317	0.283452347282384	0.00172548290299803	0.00226719192430035	0.985642145850103	0.00521751352165618	0.00914034062824078	0.982798493326185	0.000391067208586899	0.0168104394652281	0.899030741707403	0.00271594779892323	0.00760468658759351	0.0906486239060805	0.826515685335575	0.00129372026975188	0.0113375941579864	0.160853000236687
0.908058021437418	0.0677910772917364	0.0108773992588488	0.013273502011997	0.897084910166892	0.064765565284201	0.0143807998754483	0.0237687246734585	0.70882172299764	0.287350215894132	0.000338350796341815	0.00348971031188705	0.991100977853977	0.0030266755524928	0.0058723465935303	0.988614353876417	0.00415683537300617	0.0072288107505771	0.89865675014931	0.00843272438435731	0.00163558806944884	0.0912749373968836	0.824218777829076	0.00500925831354432	0.0110876339217633	0.159684329935616
0.915432727890207	0.0616844218446366	0.0132925240822801	0.00959032618287606	0.900471328287694	0.0646901384607432	0.0130520273998344	0.0217865058517285	0.725041721953932	0.274804958019493	0.000116657766818741	3.66622597559853e-05	0.984061592770302	0.00275017529380086	0.0131882319358968	0.983911394624877	0.00201361763845208	0.0140749877366709	0.897767730268907	0.00664323767410325	0.00166728272607168	0.0939217493309178	0.827451017080091	0.00872547658017408	0.00472606702853537	0.159097439311199
0.922529653889251	0.0541285665610814	0.0126403746638361	0.0107014048858312	0.900966741997758	0.0680121951326604	0.00715547209235897	0.0238655907772228	0.721792887625021	0.274092113363885	0.000784723881879761	0.00333027512921337	0.990489891973335	0.00230309007841437	0.0072070179482503	0.981105012198253	0.00727331284838368	0.0116216749533629	0.892735110069074	0.00881748132045751	0.00622484422011019	0.0922225643903581	0.825227056735011	0.00289083046920983	0.0145230991172205	0.157359013678559
0.928268426857169	0.0600492398751394	0.0021148625874883	0.00956747068020317	0.909514062510183	0.0569397507938082	0.00470010887128094	0.0288460778247276	0.711374875039264	0.277648141454464	0.00394461599137606	0.00703236751489509	0.985370626744551	0.00390889257974298	0.010720480675706	0.976808644458823	0.0043277283535798	0.0188636271875976	0.898645952171839	0.00403266999912656	0.00611570689230428	0.09120567093673	0.828358954060451	0.00625673034920785	0.00641811460802986	0.158966200982311
0.916792388150594	0.0644062466135104	0.00975805614693006	0.00904330908896572	0.906129161105699	0.0572740863754206	0.00968194973548159	0.0269148027833988	0.70148271567875	0.292580291367507	0.00558284563503365	0.000354147318710159	0.984671608912288	0.000661731386349357	0.0146666597013631	0.988833307492719	0.00164998192921428	0.00951671057806656	0.900437764923358	0.00748608697504304	0.00120099187965822	0.0908751562219404	0.832338479174719	0.00369032315455283	0.00169983123718836	0.162271366433539
0.919884216840382	0.0629920348202297	0.00668558827685947	0.0104381600625289	0.901732718707828	0.0569726426383592	0.0129821046304381	0.0283125340233744	0.74604685141512	0.250983105291976	0.00294045243017042	2.95908627340978e-05	0.991716651696089	0.000440074430780895	0.00784327387313022	0.985649751462525	0.00230077545719237	0.0120494730802823	0.895914528271947	0.00419128517278571	0.00585724535107422	0.0940369412041931	0.821159486168148	0.00980462166858075	0.00796713377085263	0.161068758392419
0.924803901098855	0.0536897727224286	0.010591106285403	0.0109152198933133	0.906140560573495	0.0543805650040554	0.0108845092689635	0.0285943651534859	0.725643818737976	0.26563638405864	0.00348184075281259	0.00523795645057089	0.993027846530116	0.000290390132458097	0.00668176333742625	0.986150006117534	0.000309921980914406	0.0135400719015518	0.899534188545642	0.0099121063019641	0.00256309847224084	0.087990606680153	0.827727266706062	0.00298028740663377	0.0126540349298014	0.156638410957503
0.913367994574835	0.0651484136251425	0.0125091975903714	0.00897439420965066	0.898278779975856	0.0650492944821898	0.0139088868163201	0.0227630387256342	0.712308185896795	0.283355736194287	0.00076845016382413	0.00356762774509418	0.990522040639768	0.00262415068642716	0.00685380867380482	0.979479764466592	0.00199907969867341	0.0185211558347342	0.896193132126611	0.00304073124698251	0.00693417086352041	0.0938319657628864	0.823073518514618	0.0103971867443957	0.00862359213097851	0.157905702610008
0.920329274219475	0.0581271751603447	0.0142374562766023	0.00730609434357847	0.90062687334578	0.0627200551153462	0.00983528767651168	0.0268177838623624	0.725444070648435	0.270347698852994	0.000298340176560839	0.00390989032201038	0.991315974328883	0.00263893611134154	0.00604508955977519	0.981745590805037	0.00109555170586299	0.0171588574891004	0.895701140265692	0.00392078440698379	0.00594679099490968	0.0944312843324149	0.830578769747596	0.00571165251828503	0.00340409271633772	0.160305485017782
0.920257054611171	0.0588546513786418	0.0108746396500632	0.0100136543601236	0.8968597668646	0.0694691556349153	0.00630776432882615	0.0273633131716585	0.714647173178419	0.279481083804223	0.00438531367259831	0.00148642934475974	0.990497440155578	0.00249044772441389	0.00701211212000797	0.981319702102999	0.00464032183085459	0.014039976066146	0.906689340013871	0.00149285706539864	0.00252690352982793	0.0892908993909026	0.825230733759085	0.011855004023558	0.0062578275191978	0.156656434698159
0.916926212396337	0.0631312332143774	0.00995544040893878	0.00998711398034697	0.90753144287463	0.0581286039837458	0.0120788035513174	0.0222611495903072	0.714864777517723	0.279289539333005	0.00426809948019677	0.00157758366907529	0.989762881290067	0.00273023236644468	0.00750688634348873	0.976086707929719	0.00670616833818777	0.0172071237320935	0.896350890175722	0.00317559481490601	0.00712089514342046	0.0933526198659512	0.816946048197557	0.0123299605502352	0.0057598162969976	0.164964174955211
0.918862338244965	0.0609946980688574	0.0119102248490998	0.00823273883707744	0.906715623355083	0.0549022462006307	0.0122551037044064	0.0261270267398802	0.711910586719193	0.282654777410009	0.000870293102494171	0.00456434276830392	0.988095458739091	0.00120861572922812	0.0106959255316812	0.986975482824186	0.00185164064352583	0.0111728765322885	0.897793353957634	0.00502877928889057	0.00765149901935717	0.0895263677341178	0.826202027674654	0.00617300691006632	0.00584151845836537	0.161783446956914
0.932329834999759	0.0535445984157221	0.010834097387277	0.00329146919724172	0.901700550759615	0.0621771433921976	0.0101620564771262	0.0259602493710609	0.714908953529874	0.281891213554936	0.00210168867301567	0.00109814424217487	0.980223746935405	0.00505091697058917	0.0147253360940055	0.985963937199581	0.00415696231556511	0.00987910048485441	0.902619559504661	0.00232383328337926	0.000568566723147733	0.0944880404888122	0.824202606811163	0.00778015942890825	0.00851233584896683	0.159504897910962
0.918541176116186	0.06580878399752	0.00799147972813793	0.00765856015815633	0.905205434026047	0.0594763085743686	0.00794544379875023	0.0273728136008342	0.70737948800726	0.291402535597431	0.00088774823629758	0.000330228159011628	0.984429234741213	0.00385546624651269	0.0117152990122743	0.975411713607465	0.00507828697118236	0.019509999421353	0.892573332974674	0.00712031168237145	0.00420988097954882	0.0960964743634061	0.821695351834758	0.0132823341083011	0.00658985104010316	0.158432463016838
0.924461783974087	0.0585278012809116	0.00648119477226116	0.01052921997274	0.904784012525224	0.0631370309702756	0.00874785121489926	0.0233311052896009	0.71566574794789	0.274983355104055	0.00567121523346257	0.00367968171459199	0.986120602943085	0.00274642782254209	0.0111329692343728	0.978435479405226	0.00679128936731152	0.0147732312274623	0.897725681555219	0.00263050108495492	0.00823723211325411	0.0914065852465716	0.827714649705737	0.00913306446822447	0.00396445082196682	0.159187835004072
0.93569771104444	0.0492276728481661	0.0121503833174267	0.00292423278996687	0.908490744575937	0.0570611950369766	0.00743554579943004	0.0270125145876566	0.735389549482651	0.256929803082572	0.0036200977114023	0.00406054972337459	0.987748113838168	0.00710669148544537	0.00514519467638698	0.979089964959089	0.00573996598999946	0.0151700690509117	0.894090729375728	0.00959033495103391	0.0102898346463761	0.086029101026862	0.834929127056898	0.0053136600464688	0.00279090880131031	0.156966304095323
0.909206182953502	0.0603555324781296	0.0143960854342331	0.0160421991341356	0.90851819186724	0.0585593297843	0.0076792918815559	0.0252431864669037	0.717409983592182	0.279720735717628	0.00181720596095645	0.00105207472923332	0.989259601680193	0.00179346173781453	0.00894693658199285	0.981808692733763	0.00451499251633723	0.0136763147498998	0.8921263025064	0.00718221418913286	0.00746001239179984	0.0932314709126676	0.827382590180471	0.00668592923041223	0.00642223250847558	0.159509248080641
0.923691882340031	0.0580533566100458	0.0106441548662906	0.00761060618363261	0.914246922925223	0.0572696837603239	0.00449958063099946	0.0239838126834534	0.703733334230553	0.289825929410963	0.0031245027310501	0.0033162336274348	0.985218291445648	0.00234014775746818	0.0124415607968842	0.985420118332005	0.00298403983936601	0.0115958418286288	0.898066844797484	0.00510584838373036	0.00374280304232261	0.0930845037764635	0.831045980318369	0.00040914744216055	0.00683569602812496	0.161709176211346
0.912754370062652	0.0673820874324239	0.0106056209335117	0.00925792157141241	0.912113973033611	0.0530657819975651	0.0121038098236726	0.0227164351451512	0.719893936057736	0.275356670491071	0.00239005313522072	0.00235934031597288	0.983898968141735	0.00481552800377501	0.0112855038544894	0.980109970998299	0.00125398834211701	0.0186360406595844	0.902875295459777	0.00284179565038931	0.000173272540484385	0.0941096363493497	0.830880930429572	0.00725836951001392	0.00301957243877192	0.158841127621642
0.924196217684857	0.0566285518640992	0.00819317609734203	0.0109820543537013	0.910803332564441	0.0552557856160664	0.0090934851297176	0.0248473966897748	0.729141759701094	0.262466956523069	0.0025610205749219	0.00583026320091543	0.981686080777718	0.00355254277121272	0.0147613764510692	0.982732944312617	0.00478870193119128	0.0124783537561921	0.904041595595574	0.000804832209463674	0.00398826841656607	0.0911653037783961	0.823600063002613	0.00949353063185523	0.00562231719089342	0.161284089174638
0.932302179990269	0.0585682610288704	0.00496369401432846	0.00416586496653245	0.902574955502333	0.0585771361266529	0.0140900964409228	0.0247578119300915	0.710635457519874	0.28046170389598	0.00588013794285055	0.00302270064129492	0.986848093970664	0.00107116666810252	0.0120807393612334	0.988126160659826	0.00247703395955954	0.00939680538061447	0.901689276185579	0.0053753300978761	0.00236981610308427	0.0905655776134604	0.830590519432766	0.0055056444990177	0.0046038966137531	0.159299939454464
0.930988570746548	0.0518624033737289	0.0110624328355324	0.00608659304419099	0.905535011921978	0.0584091621441928	0.00855233858214507	0.0275034873516839	0.727768386434279	0.271067030459909	0.000468244574754521	0.000696338531057728	0.986577193033827	0.00451550662705706	0.00890730033911653	0.977012983240995	0.00473590297530221	0.0182511137837034	0.894598762412318	0.00818052453028095	0.0025826529112976	0.0946380601461039	0.825565634090696	0.00683539910742246	0.00580549484070973	0.161793471961172
