0.931372915474377	0.0413810439876282	0.020934667597488	0.00631137294050731	0.905367874367672	0.0580083068267623	0.00978080685204554	0.0268430119535203	0.703301141363524	0.289649637822738	0.00244158067276662	0.00460764014097175	0.990647038178212	0.0036841193266582	0.00566884249513007	0.982862193938558	0.00435941195661773	0.0127783941048238	0.881864039296061	0.00190598953197531	0.0131998303869832	0.10303014078498	0.821942329126312	0.0168730159654112	0.00428905992383712	0.15689559498444
0.924178922315133	0.0533339875129184	0.0186047380911298	0.00388235208081928	0.910138454334844	0.0587805672231773	0.00507304932338877	0.0260079291185903	0.721268216922193	0.272570360249605	0.000843495225852924	0.00531792760234894	0.98131447281097	0.00379306777722008	0.01489245941181	0.978866061593383	0.00501425820644632	0.016119680200171	0.888183354787935	0.00263089610164917	0.00698483633156149	0.102200912778854	0.830221058646253	0.00429058676567457	0.00998485169912087	0.155503502888952
0.940111777883666	0.042929555211611	0.0156055838933754	0.0013530830113475	0.91411400167132	0.0560346458759121	0.0058523045575221	0.0239990478952455	0.721393860481209	0.268261719775088	0.00898394955916368	0.00136047018453921	0.990212348614631	0.000703743181676005	0.00908390820369297	0.980303701167989	0.00328051081309192	0.0164157880189193	0.889853480868795	0.00157830702562194	0.00215366615998418	0.106414545945599	0.829181667788293	0.00694017209240421	0.00242821985029922	0.161449940269003
0.93305255750368	0.0477721892120501	0.0180431071134169	0.00113214617085324	0.901168015119443	0.0620259506178932	0.010901286174506	0.0259047480881584	0.714778810190174	0.280243387307681	0.00382888478992662	0.00114891771221888	0.985717953963361	0.00442666476391405	0.0098553812727249	0.981798032158197	0.00535316497769849	0.0128488028641049	0.889895193241521	0.0071615129451021	0.00253122543457558	0.100412068378802	0.823017663971739	0.00654390764250674	0.00977641927874088	0.160662009107013
0.942443948454518	0.0425201923343654	0.0113084136854588	0.00372744552565734	0.90071761865547	0.066089811175265	0.0114028595732389	0.0217897105960261	0.727951127625097	0.268673646671236	0.000468594057861674	0.00290663164580533	0.982056872357415	0.00514845529990711	0.0127946723426779	0.983200905865614	0.00496458853776642	0.0118345055966197	0.880928499106962	0.0109131818925719	0.00959880554479941	0.0985595134556672	0.826966507485598	0.00566954617450867	0.00750831830332627	0.159855628036567
0.934692852584052	0.0484366574729048	0.0132134362664816	0.00365705367656145	0.908913514109198	0.0560383769669122	0.00910557387756972	0.0259425350463204	0.714061986495212	0.283273729908276	0.00205822982223123	0.000606053774280086	0.989921370662336	0.00107373526373178	0.00900489407393258	0.986568691229702	0.0034555292952086	0.00997577947508958	0.888982066987028	0.00177098632271872	0.0026410646446809	0.106605882045572	0.823009722556103	0.00748908206590713	0.0116004189573772	0.157900776420613
0.922891557151069	0.0529423306232065	0.0151159750643318	0.00905013716139268	0.902359611133425	0.0667267141548082	0.00723749169899373	0.0236761830127729	0.718962906732953	0.275679356551146	0.00373867003870196	0.00161906667719959	0.987396528098104	0.00043929369670274	0.0121641782051935	0.982065170177899	0.00293373896911189	0.0150010908529887	0.882242585620223	0.00377704907415482	0.00854626616342061	0.105434099142202	0.840095823301888	0.00335950841329128	0.00223348446187532	0.154311183822946
0.922594453185036	0.0517356073206366	0.0175872686815652	0.00808267081276234	0.90923562793778	0.0619734604008588	0.00647667200406749	0.0223142396572939	0.723339725729255	0.275171480317193	0.000686202140960753	0.000802591812591186	0.988947586489987	0.00277850861800844	0.00827390489200436	0.977568356701057	0.00667308960045754	0.0157585536984858	0.893561660372861	0.00264932542592532	0.00382970074781601	0.0999593134533976	0.828415956345396	0.0083586164335094	0.00643679711807525	0.156788630103019
0.920707896098297	0.0514866894249033	0.0229129312472447	0.00489248322955503	0.908255425666972	0.0589977931961838	0.00548450506779139	0.0272622760690527	0.702528024893737	0.293120077874455	0.00163208281008309	0.00271981442172532	0.989137029897371	0.00323860594124944	0.00762436416137919	0.980801484047064	0.00634229369013299	0.0128562222628034	0.883737986757503	0.00358184184279392	0.00642000087008003	0.106260170529623	0.831037939079193	0.00540366446144394	0.00443973308647112	0.159118663372892
0.925642356434415	0.0482054726535476	0.0162381680126102	0.0099140028994272	0.914416401551501	0.0596045644992199	0.00644619718912141	0.0195328367601578	0.715452200568292	0.275168734358485	0.00297920807486545	0.00639985699835768	0.987817241920952	0.00373251802128452	0.00845024005776312	0.978836175294942	0.00510463048293974	0.0160591942221184	0.887275918862993	0.00177516437103032	0.0076670835711878	0.103281833194789	0.831028677692591	0.00285064557558846	0.00896144111691964	0.157159235614901
0.92024928245101	0.0520338199935297	0.0197249454550763	0.00799195210038373	0.904070725636003	0.0549285812994985	0.0152488656526521	0.0257518274118463	0.728344861372971	0.263853663689454	0.00415688533550963	0.0036445896020651	0.986455867106089	0.00422836312221512	0.00931576977169637	0.98393324851494	0.00261162142658913	0.0134551300584712	0.887213287552943	0.00328865977897695	0.000803636970641397	0.108694415697439	0.823255683025937	0.0113048770052459	0.00309382875927577	0.162345611209542
0.928285023897125	0.0506845981226326	0.0152296789351033	0.00580069904513918	0.910383690713531	0.0565006063295385	0.00522001833773847	0.0278956846191922	0.714459197216366	0.280953480047659	0.00286626669878917	0.0017210560371857	0.984156620021202	0.00665014982915855	0.00919323014963965	0.977345021503696	0.00537333003041528	0.0172816484658889	0.880006757067357	0.00617593437896595	0.0113003338327428	0.102516974720935	0.824566199535453	0.0101963264581086	0.00706541645958087	0.158172057546857
0.929229532807765	0.0454870856861591	0.0167284625303191	0.00855491897575677	0.915198021726668	0.0556657678568339	0.00390112371648108	0.0252350867000171	0.709676794677227	0.284357120441003	0.00152018741089222	0.00444589747087786	0.987692621172113	0.00453721823997423	0.00777016058791253	0.979718574506475	0.00178067320663768	0.0185007522868871	0.888146319712796	0.00424437535159641	0.00226811730929459	0.105341187626313	0.831297089138512	0.00178705187787353	0.0079101578831134	0.159005701100501
0.932666525390574	0.0486745151134951	0.0168558887483755	0.00180307074755529	0.897768349977288	0.0624392067030037	0.0119001812230587	0.0278922620966501	0.714175702479395	0.281036961884756	0.00251336207897117	0.00227397355687818	0.987361678871092	0.00228485109013733	0.0103534700387707	0.973538360644873	0.00553542797728614	0.0209262113778412	0.885279168946826	0.00547249453378715	0.00226302157405334	0.106985314945334	0.834574761720775	0.00226486065024167	0.0108372329557713	0.152323144673212
0.919454394401284	0.0531644522789578	0.0158615319943165	0.011519621325442	0.909488459583277	0.060961820334264	0.00654499457783984	0.023004725504619	0.727704379104215	0.26904412050844	0.000434597031022567	0.00281690335632233	0.987029792884693	0.0030200124564393	0.00995019465886761	0.976959315568382	0.00766904868737818	0.01537163574424	0.883913692197818	0.00731058392330674	0.00487211644311649	0.103903607435759	0.827791682422245	0.00505873230860666	0.00748357203814559	0.159666013231003
0.922577714212099	0.0510646509253435	0.0178574178921927	0.0085002169703648	0.907881147024539	0.0607965183400795	0.0101229154906002	0.0211994191447812	0.698605485126098	0.293338909801953	0.00140008354612624	0.0066555215258225	0.982117941360065	0.0075659542170511	0.0103161044228844	0.987930398857715	0.00150986584194494	0.0105597353003404	0.879734478611378	0.00695829983080757	0.00859568279248048	0.104711538765334	0.818718530416425	0.0098302229584316	0.0104176003425076	0.161033646282636
0.923626685066945	0.0488721921834956	0.0176266280435172	0.00987449470604242	0.905725011970189	0.0572882024762269	0.0114857437671106	0.0255010417864736	0.722530946653581	0.272431715023002	0.00070699703006115	0.00433034129335601	0.984755413015492	0.00847654211461786	0.00676804486989036	0.985153443490312	0.000730525034888468	0.0141160314748	0.889486061069126	0.00909301709384338	0.00245467779603984	0.0989662440409907	0.829963350348828	0.00905133226849908	0.00454384659484976	0.156441470787824
0.925952447000083	0.0461190078371681	0.015884820022021	0.0120437251407278	0.915548595772216	0.0545648625161741	0.00921724108625017	0.0206693006253601	0.711819059691095	0.274602389329503	0.00946900590076632	0.0041095450786352	0.985043697928621	0.0077079344065476	0.00724836766483194	0.974360454534213	0.00727255898114615	0.0183669864846411	0.881329269889985	0.00603500580145493	0.00494131400302449	0.107694410305536	0.822487076561399	0.00859997519829888	0.00716285545716381	0.161750092783138
0.921776507598399	0.0530406206308336	0.0187883266179397	0.00639454515282746	0.897602607690697	0.0681595764683901	0.0103035578364269	0.0239342580044861	0.719779168804257	0.274837233157904	0.00367016105157708	0.00171343698626169	0.97790405277492	0.00544908932644847	0.0166468578986313	0.977986929215487	0.0059229167392899	0.0160901540452235	0.889467244811183	0.000680795116980522	0.005077839224822	0.104774120847014	0.827479739971622	0.00444751280756013	0.0077528232024321	0.160319924018386
0.930721211929723	0.0520988528087971	0.010519311602893	0.00666062365858706	0.902869594101976	0.0564916074473077	0.0117826288171306	0.028856169633586	0.711175221562743	0.283893602833497	0.000545840458034299	0.00438533514572564	0.985668788940153	0.00467859593993602	0.00965261511991087	0.982748431480898	0.0032513810362178	0.0140001874828842	0.881825658275487	0.004029546406443	0.00576851793265369	0.108376277385416	0.823275937173958	0.0127548429540727	0.00339906115059396	0.160570158721375
0.924659158165022	0.0519595385147325	0.014589948812654	0.00879135450759189	0.911928664830719	0.0506096247354315	0.00566579727238421	0.0317959131614653	0.724927331975959	0.272910549571083	0.00167606798887322	0.000486050464084974	0.988277212173858	0.00235531570661622	0.00936747211952569	0.987165113262761	0.00231811169441412	0.0105167750428246	0.885277577533955	0.00162211929021649	0.0107646871635825	0.102335616012246	0.824531106471797	0.00546012172804639	0.00798919982097227	0.162019571979184
0.925216927929078	0.0521810682601165	0.0196640165133649	0.00293798729744054	0.91213305145536	0.0528014563146498	0.00737703567073303	0.0276884565592568	0.712158192327063	0.285052036114591	0.00251460875192612	0.000275162806420217	0.984690364664787	0.00644530436258436	0.00886433097262818	0.974827029482951	0.00938413962089565	0.0157888308961536	0.885643476703632	0.00465538095698345	0.00596019881304439	0.10374094352634	0.825100623781579	0.00878744739970769	0.00604327216097981	0.160068656657734
0.932359521546764	0.0450895066553137	0.0157277269370417	0.00682324486088098	0.904016472956097	0.0627741257378675	0.0113142207778116	0.0218951805282236	0.708770244500062	0.283997328550327	0.00123505242963098	0.00599737451997944	0.984205765328083	0.00253251106034674	0.0132617236115707	0.97840698560673	0.0038456255630175	0.0177473888302527	0.883125859487843	0.00549328498357066	0.00802596088659721	0.103354894641989	0.826359086565675	0.00631934018101014	0.00721708349186864	0.160104489761447
0.913724998214322	0.0567283806847044	0.018562354566609	0.0109842665343652	0.896154205947043	0.0602907986254027	0.013499242322517	0.0300557531050375	0.72481687104369	0.271916888541614	0.00298018618087129	0.000286054233824227	0.979396950406567	0.00523476463812737	0.0153682849553053	0.980637511590095	0.00312323043247369	0.0162392579774316	0.870696161835498	0.0108743063145119	0.0130570792205925	0.105372452629397	0.827961377883717	0.00635561640500621	0.00396510802952419	0.161717897681753
0.919816184609063	0.0556936289546596	0.0159777691012435	0.00851241733503414	0.901751803483996	0.0656016051650725	0.00963930889440255	0.0230072824565288	0.71469053861444	0.27935393580501	0.00482918726716397	0.00112633831338696	0.987716662993565	0.00524641575445657	0.00703692125197868	0.982207160787104	0.001857612530352	0.0159352266825434	0.879662924968333	0.00898843262934173	0.00909192385523822	0.102256718547087	0.823658270750962	0.00824728391836232	0.00898719589063264	0.159107249440043
0.927244351243993	0.0477124830977008	0.0154122536850711	0.00963091197323559	0.90765892402737	0.0620399578816681	0.00344973694968337	0.0268513811412788	0.717743155144063	0.277610622896995	0.000464738609250287	0.00418148334969174	0.988273440684945	0.00226806081715029	0.00945849849790439	0.981847756367055	0.00353676321776559	0.014615480415179	0.884409672533208	0.00440574796862129	0.00632386124333541	0.104860718254835	0.825696639163222	0.00846482939464481	0.00520127715034141	0.160637254291792
0.940065570894661	0.0433451411585274	0.0116711592979104	0.00491812864890093	0.91284120003034	0.058062857363	0.00294180308297453	0.0261541395236858	0.718715395287902	0.273670964977141	0.00288451426537236	0.00472912546958518	0.976496855219045	0.00446555897453401	0.0190375858064207	0.983915336216993	0.00333747959789721	0.0127471841851099	0.885408397831558	0.00511071962871412	0.00197531253333525	0.107505570006393	0.826042733186821	0.0062251429051145	0.00896941306039238	0.158762710847673
0.914783946942814	0.0535671225720143	0.0192954287896391	0.0123535016955328	0.902593095993109	0.0569889028150582	0.0140582621590369	0.0263597390327955	0.713860396502161	0.279671355365094	0.00419505869488214	0.00227318943786276	0.986115751823418	0.0037267443809482	0.0101575037956333	0.980390474777427	0.00400213911301058	0.0156073861095626	0.885788982138482	0.0040075848830389	0.0063271260301919	0.103876306948287	0.826406670903267	0.00720119844490844	0.00760864927834996	0.158783481373474
0.925529415429624	0.0525152465824419	0.0145167088394458	0.00743862914848841	0.900290171141667	0.0628691007888064	0.0119426505086462	0.024898077560881	0.706036884486441	0.286924498536579	0.00381085725493463	0.00322775972204533	0.985245683735198	0.00328738230735312	0.0114669339574487	0.987778512930906	0.000383910544139181	0.0118375765249547	0.89063883211068	0.000361556277781861	0.00964608187749181	0.099353529734046	0.829874586872742	0.00670721047894533	0.00369002487271786	0.159728177775595
0.927678445775558	0.0525935334904874	0.0167242987298142	0.00300372200414085	0.914570526303613	0.0562855923962278	0.00360435123056464	0.0255395300695942	0.71602398822484	0.277157778698276	0.00219274301236938	0.00462549006451454	0.985202685614256	0.00797987947354537	0.00681743491219906	0.984360228032505	0.00102428246103225	0.0146154895064624	0.87547183083348	0.00736646245770396	0.00939687919763185	0.107764827511185	0.8342110642606	0.00673490013134529	0.00418122903470412	0.15487280657335
0.92735283529013	0.0510260140046687	0.0180437227638938	0.00357742794130716	0.903126051116345	0.0596239864859077	0.00697275276911709	0.0302772096286298	0.715632502701983	0.275469450466503	0.00593499683206363	0.00296304999945054	0.982165361122915	0.00691060407248279	0.0109240348046019	0.98248584617824	0.00447380923058434	0.0130403445911754	0.881885345039802	0.00575811363411014	0.00965458414333198	0.102701957182756	0.829859661970478	0.00630710448763747	0.00446651405776546	0.159366719484119
0.929859013895953	0.0485871367737832	0.0148364581429323	0.00671739118733159	0.911258503377416	0.0576312070992774	0.00579123094702908	0.0253190585762778	0.720718260869557	0.27701475136089	0.00178847036131877	0.000478517408234136	0.985901226603176	0.00559215478954572	0.00850661860727842	0.986163719661155	0.000552893531794672	0.0132833868070507	0.894114467678589	0.00302449686616788	6.44884742201877e-05	0.102796546981023	0.834389669320755	0.00485648116027019	0.00328121067544295	0.157472638843532
0.918526324315432	0.0556191619473679	0.0204525094556049	0.0054020042815951	0.907653400359853	0.0584933058883042	0.0102264740600835	0.0236268196917595	0.716959638362635	0.282230287268256	0.000705028316530893	0.000105046052578151	0.980365663882374	0.00351684274061536	0.0161174933770102	0.98435293308111	5.76978420739514e-05	0.0155893690768158	0.886093837161853	0.00628388158219412	0.00660437016691559	0.101017911089037	0.828082527580103	0.00440501586946468	0.00500396266856541	0.162508493881867
0.928647672549097	0.0484757091332881	0.0141955149467107	0.00868110337090397	0.900737913276243	0.0648068168467981	0.0105984133147154	0.0238568565622431	0.720312787585236	0.274360648519918	0.00519683768154632	0.000129726213299568	0.986514931491928	0.00568096657996579	0.00780410192810612	0.985963190148267	0.00131729629832179	0.012719513553411	0.888440215938126	0.00555798466840073	0.00153854158287603	0.104463257810597	0.834092039785293	0.00459313958771462	0.0039660700203756	0.157348750606617
0.916224579731111	0.0560115136959936	0.0182169009308025	0.00954700564209251	0.917151828653132	0.0592457417460835	0.00735832753219089	0.0162441020685936	0.711927251938905	0.282942116239786	0.00279129704338712	0.00233933477792176	0.986707407409229	0.00256288563214587	0.0107297069586253	0.98020412804925	0.00513986512616125	0.0146560068245889	0.887320309696305	0.00629308142003353	0.00277775714759764	0.103608851736063	0.836120948312116	0.00275836328992309	0.00296789188999852	0.158152796507963
0.927841711763764	0.0490085587283658	0.017344270260055	0.00580545924781501	0.900211010597745	0.0606374725241218	0.00823482652402458	0.0309166903541087	0.723449304222969	0.273403827200286	9.7250881068185e-05	0.00304961769567686	0.984641391461297	0.00967366478131624	0.00568494375738694	0.980600846759919	0.00376884001308869	0.0156303132269927	0.883503681942847	0.00630473097979506	0.00804440321735448	0.102147183860003	0.829573145118711	0.00310319337778038	0.0016001434249283	0.16572351807858
0.92246519695338	0.0510880864215937	0.0213774566091076	0.0050692600159185	0.902449230603854	0.0580469295816575	0.0147789525217961	0.0247248872926922	0.723593702077123	0.273177122686852	0.00166559281227558	0.00156358242374959	0.989840415635626	0.00361373341446829	0.00654585094990614	0.985186089978035	8.6116862396055e-05	0.0147277931595684	0.887061873809836	0.00309420879988034	0.0057990866239258	0.104044830766358	0.828444963957156	0.00671585353689335	0.0071907526466076	0.157648429859343
0.915539331370891	0.0580616450881434	0.0186400794478671	0.00775894409309897	0.898919343737706	0.0624755776317283	0.00771910644829278	0.0308859721822727	0.718765815915557	0.280192449229403	0.000685158636137018	0.00035657621890283	0.977990423389785	0.0071353685026571	0.0148742081075578	0.983392090043718	0.00483407517121907	0.011773834785063	0.877151032475983	0.00777184475080084	0.00540564269745285	0.109671480075763	0.832670048933345	0.00532422151865598	0.00617414705004627	0.155831582497953
0.923121332274211	0.0502264541210147	0.0158733786740366	0.0107788349307376	0.90381462994682	0.0627853353182735	0.00844081759667949	0.0249592171382268	0.729547143549772	0.268920053921847	0.000437920696901692	0.00109488183147968	0.977955474577687	0.00969139200966929	0.0123531334126435	0.980653399305933	0.00195507170330313	0.0173915289907633	0.890153730672635	0.00624678934651763	0.00421539758257949	0.0993840823982682	0.82801430630011	0.00733984314962945	0.01104654490486	0.153599305645401
0.928871144838502	0.0472180160239119	0.0187751682903112	0.00513567084727528	0.901782473328398	0.0583537427651905	0.012944841622715	0.0269189422836965	0.718880536615196	0.277465526672091	0.000537457206782772	0.00311647950592982	0.99089571860034	0.00167559635081178	0.00742868504884845	0.978599796136158	0.00692277025278462	0.0144774336110571	0.886026878409588	0.00106304216935635	0.00894436006144347	0.103965719359612	0.826595050991135	0.00921198416351809	0.00496233865300951	0.159230626192338
0.921821369728454	0.0549526862559089	0.0142349017769929	0.00899104223864437	0.911548327460637	0.0530742574632416	0.010648026703723	0.024729388372398	0.714338534503796	0.273058304910422	0.00369878473870319	0.00890437584707871	0.985684550747958	0.00629940256584673	0.00801604668619536	0.981109578294783	0.0054995843499406	0.0133908373552764	0.883932184700104	0.00513663674865019	0.00889003240239974	0.102041146148846	0.825595229946127	0.00743731098952144	0.0102210453531884	0.156746413711163
0.923790440445781	0.053113204464434	0.0101828804191506	0.0129134746706348	0.907139858600516	0.060245406864427	0.00714552783380495	0.0254692067012525	0.696115710403279	0.29308590786362	0.00444894707700103	0.00634943465610037	0.981257234087059	0.00334901783387771	0.0153937480790627	0.985082755672144	0.00159274019275279	0.0133245041351028	0.875779332752872	0.00553857005953011	0.00825876436808828	0.11042333281951	0.827416706599883	0.00692316384606063	0.0115376988093921	0.154122430744665
0.927151051250076	0.048032779444203	0.0166113433481587	0.00820482595756223	0.905227802633942	0.0597027980421974	0.00939092673560153	0.0256784725882589	0.73323608383729	0.26208734263456	0.00410286228514324	0.00057371124300677	0.987989104801497	0.00234293479165997	0.00966796040684339	0.986502933789084	0.00119809227193584	0.0122989739389803	0.884840300903297	0.00273529119374187	0.004849511000886	0.107574896902075	0.826144549234541	0.00593746103396172	0.00328343661204152	0.164634553119456
0.921831759028797	0.0546804018696693	0.0166375814151817	0.00685025768635226	0.899971777527006	0.062421899512261	0.00960387676618285	0.0280024461945505	0.722108757135459	0.273939098386901	0.00134704599502531	0.00260509848261442	0.984809242891566	0.00552592643313169	0.00966483067530226	0.977683802877181	0.00795838191308272	0.0143578152097364	0.892723402292161	0.00376137039104105	0.00199325558522388	0.101521971731575	0.828788674373283	0.00645604495672026	0.000368880392628765	0.164386400277368
0.948378255805862	0.0361434816145416	0.0100429963440891	0.00543526623550686	0.914396647030356	0.0552469786233651	0.00260239409799445	0.0277539802482848	0.711594819712786	0.284777789582743	0.00181393211253914	0.00181345859193177	0.992852862713351	0.00057814543247402	0.00656899185417457	0.981117862964168	0.00164245013775522	0.0172396868980766	0.88281809210994	0.0106229061063543	0.00607959003700421	0.100479411746702	0.826728455562176	0.00699792359583498	0.00823852050962266	0.158035100332366
0.923584498817928	0.051542902815913	0.0201044575972041	0.00476814076895506	0.901365012739027	0.0601295920242054	0.00940304301265016	0.0291023522241176	0.721923462069862	0.272390315032211	0.00287084851230994	0.00281537438561686	0.972748960353445	0.00643292581212301	0.0208181138344315	0.987299568719646	0.000913986598793237	0.011786444681561	0.88748803750727	0.00604568472600752	0.00263211420697232	0.10383416355975	0.831483731716172	0.0070750635890783	0.00500108224281531	0.156440122451935
0.922280076548555	0.0580458418897542	0.0120715537073505	0.00760252785434014	0.904985981116696	0.0517445621794995	0.0115107369603657	0.0317587197434387	0.720334986528308	0.271069908536589	0.00320295445735011	0.00539215047775314	0.9842647280638	0.00778789175924479	0.00794738017695489	0.984248720178261	0.00228794673154374	0.0134633330901956	0.879600889194451	0.00792380370233801	0.00716993500523921	0.105305372097972	0.828065837243916	0.00226502266730581	0.0111332912871415	0.158535848801637
0.923968322898904	0.0526970948079652	0.0186549120001355	0.0046796702929953	0.896514207063147	0.0605188922877576	0.0145951331922306	0.028371767456865	0.717237062809908	0.275737629968148	0.00251235578705444	0.00451295143488942	0.982427049909367	0.00758524005174046	0.00998771003889223	0.983957192905449	0.00505438969841824	0.0109884173961329	0.887028675995547	0.0060109295288678	0.00422870034535522	0.10273169413023	0.828650979702176	0.00597864962809739	0.00514834081442651	0.1602220298553
0.935288247651973	0.0463772050945101	0.0118068360349576	0.00652771121855971	0.904798941419704	0.0562134412077747	0.0119849496002065	0.0270026677723146	0.714791284950756	0.282808465507767	0.00116662455332714	0.00123362498815	0.983473126247891	0.00282064980232043	0.0137062239497882	0.984296792644181	0.00360066967152188	0.0121025376842972	0.888212699123925	0.00308677152528244	0.00587872889192097	0.102821800458872	0.815043007009476	0.0139958699041376	0.00802802870489133	0.162933094381495
0.928533461536169	0.0506536798942336	0.0106871122077844	0.0101257463618132	0.890176581237755	0.0633085626990716	0.0168623786513094	0.0296524774118642	0.741373137851089	0.255350909084885	0.00241632733165669	0.000859625732369127	0.990520691483834	0.00285205332873998	0.0066272551874257	0.980579592796334	0.0050180044312928	0.0144024027723732	0.877197688392872	0.00804455219472617	0.00656252853419138	0.10819523087821	0.830525344203881	0.00555588286648967	0.00636770720113615	0.157551065728493
0.924232940250828	0.0537205689196887	0.017775373994029	0.00427111683545419	0.912013631802918	0.051100374341455	0.00934069084689096	0.0275453030087358	0.718571635469547	0.272853396638915	0.00355299050146031	0.00502197739007741	0.990288449526078	0.00134014485997688	0.00837140561394484	0.979389379028981	0.00192523583445074	0.018685385136568	0.883683841336253	0.00589599733991235	0.00328237630358513	0.10713778502025	0.820338023276771	0.00668112466483872	0.0159732457672895	0.157007606291101
0.931301278345212	0.0468667334758611	0.0152067471917778	0.00662524098714879	0.891918912782532	0.0658355186909753	0.0113981132816396	0.030847455244853	0.707618397055882	0.289681623160611	2.27589451618133e-05	0.00267722083834506	0.982519260572597	0.00214726919306892	0.0153334702343344	0.979593865896017	0.00578029708671575	0.0146258370172669	0.889925229043601	0.00388286870995278	0.00391867706390746	0.102273225182539	0.827852091643059	0.00967409524062974	0.00434797596939284	0.158125837146919
0.921174156001322	0.0506647059297981	0.0229599337216696	0.00520120434721078	0.905542614810433	0.0614203489500659	0.00782299362964241	0.0252140426098587	0.714837800660791	0.280707004778866	0.00403940723987774	0.000415787320466012	0.983612380783793	0.0069148771701495	0.009472742046057	0.980540130304124	0.00370040798245481	0.0157594617134211	0.884690950300381	0.00727034868478032	0.00532724904468309	0.102711451970156	0.827530715499235	0.00722250536098511	0.00916841001016314	0.156078369129616
0.924264997918206	0.0507847606959131	0.0213357461365766	0.00361449524930396	0.904629063207171	0.0599291945691273	0.00577606237155441	0.0296656798521472	0.72140676080916	0.274171783901149	0.00383798823116535	0.000583467058525603	0.987357810581578	0.00236653344105216	0.01027565597737	0.986132546070693	0.00136546920894525	0.0125019847203619	0.87763317865849	0.00390928538995603	0.00872948297023146	0.109728052981322	0.828932179893434	0.00452662315465638	0.00769820596670271	0.158842990985207
0.914822868250047	0.0577162300187279	0.0164902607274223	0.0109706410038029	0.896684200020378	0.0607448140753229	0.0167577824303943	0.0258132034739046	0.716954258160213	0.278221984981357	0.00200462172059199	0.00281913513783793	0.988255447655427	0.0018957068592852	0.00984884548528793	0.982105262180571	0.00260864217836726	0.0152860956410613	0.880823229128295	0.0131022176942788	0.00735324729118156	0.0987213058862442	0.821360600096034	0.00762830007449425	0.00653262388359536	0.164478475945877
0.926569263741516	0.0517345484128903	0.015877793269836	0.00581839457575721	0.909156156201185	0.0597786708772976	0.00407431259297183	0.0269908603285457	0.726667905563167	0.266877958406715	0.00509487399650135	0.00135926203361687	0.989599897846425	0.00120057361621254	0.00919952853736207	0.986286159292372	0.00429123346964106	0.00942260723798739	0.883488629519763	0.00349344147784315	0.00986747586854757	0.103150453133846	0.829025972478325	0.00750623780201233	0.00843445667052774	0.155033333049135
0.927810489610796	0.0542447280400203	0.0104490370763667	0.00749574527281704	0.904717393553196	0.0613464402058801	0.00769388445887204	0.026242281782052	0.717958467414041	0.280032113272713	0.00186994049607001	0.000139478817176186	0.989767799627315	0.00341187966460597	0.00682032070807871	0.982541480991338	0.00292913198801162	0.0145293870206504	0.885383012871978	0.00674229342946962	0.00971756699843241	0.0981571267001201	0.821464868131514	0.00635567240971702	0.0113679143647916	0.160811545093977
0.931047237461416	0.0481138269194271	0.0108884096959685	0.00995052592318884	0.911484438529002	0.0563602812753223	0.00949187119579519	0.0226634089998806	0.720166288089873	0.273831177086162	0.0059350972507621	6.74375732027545e-05	0.984116877459407	0.0049263952483701	0.0109567272922225	0.985159787981365	0.0048570624305889	0.00998314958804653	0.893839571952797	0.000335088240162258	0.00458541403294462	0.101239925774096	0.831172411048221	0.00228760487438946	0.00663873437788819	0.159901249699501
0.923703439708107	0.0549759729838224	0.0106776288401778	0.0106429584678926	0.904728586950044	0.06192914648529	0.00747891638564466	0.0258633501790214	0.708849920954701	0.288996969756346	0.0018217696652252	0.00033133962372848	0.981692529173396	0.00497616647756941	0.0133313043490347	0.978617401207609	0.00227048741389029	0.0191121113785003	0.886499616854204	0.0103578649463769	0.00202198482795062	0.101120533371468	0.824473285288103	0.0109044082430216	0.00837860917044719	0.156243697298428
0.920763108310678	0.0549990263028552	0.0182817235565101	0.005956141829957	0.90087099444834	0.057648538327871	0.0130174726614145	0.0284629945623749	0.716508279433081	0.27909551729462	0.00115001038895336	0.00324619288334546	0.986127283504459	0.00362258689161003	0.0102501296039311	0.982559681311214	0.00188038481381899	0.0155599338749672	0.881926213909138	0.0091722049602899	0.00820185961805408	0.100699721512518	0.836411969965548	0.00334671852392864	0.00265262473255305	0.15758868677797
0.926518699486752	0.0513665223571788	0.0112624954603903	0.0108522826956784	0.898247043946	0.0654144101742111	0.00983655300146087	0.0265019928783285	0.717128116573567	0.274762333969641	0.00111956147158302	0.0069899879852092	0.980366361716583	0.002835173913056	0.0167984643703611	0.987438990156569	0.00207616928827146	0.01048484055516	0.885892366283319	0.00211050458923379	0.00486065719111587	0.107136471936332	0.825535315962755	0.00759163184194557	0.00664627045431301	0.160226781740987
0.927904545012352	0.0510380593299475	0.0100634557108595	0.0109939399468411	0.901804925105708	0.0642028374050838	0.00782788479587928	0.0261643526933291	0.735676454299063	0.264027445760839	0.000214297401690634	8.18025384073692e-05	0.988354246895107	0.00474486622793788	0.00690088687695489	0.986500992807289	0.00402440020608789	0.00947460698662292	0.888764302580034	0.00214498606625823	0.00877969489929258	0.100311016454415	0.829773743617198	0.00459216596063688	0.00238728298348086	0.163246807438685
0.922659765006732	0.0525580531224944	0.0168568691734569	0.00792531269731658	0.909261723977159	0.0620346852818242	0.00630516654741891	0.0223984241935983	0.697480455270011	0.295184864085906	0.00684421906365108	0.000490461580431969	0.985857879639708	0.00518514264774096	0.00895697771255118	0.982876563909575	0.00360506080596925	0.0135183752844555	0.877835550131729	0.00720645812265887	0.0101077811493595	0.104850210596252	0.825478619075108	0.0115048678924242	0.00403267367800044	0.158983839354468
0.927763952366341	0.0464203273625259	0.0134903776109923	0.0123253426601408	0.907839277226666	0.058088430015799	0.0108717008931154	0.0232005918644192	0.712109524638228	0.282870546468309	0.00210702663367873	0.00291290225978432	0.98635607597426	0.0021587179666356	0.011485206059104	0.979416703037209	0.00333864574242973	0.0172446512203617	0.886080089319304	0.00513352643412723	0.00439560820125739	0.104390776045311	0.826084237149346	0.00672688828489167	0.0120006664716492	0.155188208094113
0.929640985059996	0.0479204990501546	0.0151183229570325	0.00732019293281719	0.906977864066083	0.0622953513909314	0.00584178911911385	0.0248849954238715	0.720263869413038	0.276668793397559	0.000422493272528189	0.002644843916875	0.997474460426379	0.00156977943307475	0.000955760140546019	0.978788197777125	0.00355653592858849	0.0176552662942861	0.881120467544135	0.00919248246294927	0.00288430727960595	0.10680274271331	0.827660692646556	0.0110179970134144	0.00279645174145431	0.158524858598576
0.929241012391352	0.045568474334235	0.0164428098688254	0.00874770340558711	0.897665410767819	0.0597441593470646	0.0172127850169438	0.025377644868172	0.722348387120651	0.276331117351361	0.000137321387245157	0.00118317414074318	0.990670365543591	0.0029826030841111	0.0063470313722979	0.981462261016066	0.00241105546577293	0.016126683518161	0.882764445303307	0.0077564345422807	0.00898759382267589	0.100491526331737	0.829886802445274	0.00963926502622694	0.00715577161600757	0.153318160912491
0.925774709952376	0.0496363114501128	0.0159644198283981	0.00862455876911357	0.905660551667684	0.0641947861515426	0.00903061966123928	0.0211140425195338	0.720747785127817	0.273326680278681	0.00440631442408115	0.00151922016942051	0.99112117970232	0.00172652018297536	0.0071523001147046	0.984044220499581	0.000335123681624605	0.015620655818794	0.880845219546339	0.00466523785971989	0.00523119464347515	0.109258347950467	0.832097387831454	0.00627214328007544	0.00305776655676351	0.158572702331707
0.924002941242036	0.0560657202659528	0.0136143860565346	0.00631695243547647	0.902240095986648	0.0620504159413818	0.00663502689210318	0.0290744611798666	0.714638437307618	0.281539538105851	0.000121717111661239	0.00370030747487008	0.985824065345177	0.00201693256456059	0.0121590020902622	0.979393338415393	0.00607608367939041	0.0145305779052163	0.88712814538368	0.00455548546507863	0.00508179277281205	0.103234576378429	0.825953148748063	0.0113059811661097	0.00576527902699101	0.156975591058837
0.927314834278705	0.0526331384563661	0.0150162986401454	0.00503572862478348	0.907585719516522	0.0604330964687562	0.00895299449747448	0.023028189517247	0.714110792005934	0.280497444960749	0.00181490469674809	0.00357685833656817	0.980798256790412	0.00702708430291204	0.0121746589066754	0.982287133524087	0.00621724439337777	0.0114956220825351	0.894668856738084	0.00554438911779485	0.00329391604486715	0.0964928380992542	0.831364331239974	0.00896647958599438	0.00541909267422896	0.154250096499803
0.92874873622896	0.0454071941646381	0.0177068754389232	0.0081371941674787	0.893459345381686	0.0653115666804508	0.0121141223289593	0.0291149656089041	0.717718390590033	0.275376949722255	0.00359705544153018	0.00330760424618233	0.985878148246736	0.00403807963614346	0.0100837721171206	0.978432035635881	0.00613163162932884	0.01543633273479	0.88582559422171	0.00363370864927728	0.0078695647294944	0.102671132399518	0.819296928067774	0.0103880369786643	0.00904207100665725	0.161272963946904
0.938830778533588	0.0544285244646462	0.00629989482130316	0.000440802180462526	0.91299422136088	0.0578498392669795	0.00378808075824182	0.025367858613899	0.713720670352188	0.279441306280008	0.00563072786854758	0.00120729549925658	0.983426436082534	0.00718177870138116	0.00939178521608533	0.979227762969385	0.00328574671108193	0.0174864903195331	0.883052449165703	0.0067071019904683	0.0072039870234258	0.103036461820403	0.828693142795634	0.0118612820180719	0.00205520301399142	0.157390372172302
0.922215158760307	0.0508231243194314	0.0193736304185448	0.00758808650171719	0.899172652370622	0.0623202910435129	0.00969755127874193	0.0288095053071232	0.718091847845555	0.278921413268932	0.00206634611560981	0.000920392769902607	0.984644917743749	0.000755668378180234	0.0145994138780705	0.977930531864981	0.00622411370812802	0.0158453544268906	0.884902442874181	0.00984911118730328	0.00297755059798703	0.102270895340528	0.825244211916312	0.00777096466808544	0.00983086821203001	0.157153955203572
0.925912148021636	0.0522422357009984	0.0136466169157371	0.00819899936162844	0.903835432506639	0.0606227596733978	0.0106578263412427	0.0248839814787208	0.717822969713106	0.279409853568465	4.05611095336102e-05	0.00272661560889557	0.993951427570668	0.00102688333237492	0.00502168909695704	0.991637993649714	0.00169137697301098	0.00667062937727496	0.888471739297693	0.00217547624872684	0.00986726690063782	0.0994855175529426	0.825683820482661	0.00742706364973948	0.00667324888362673	0.160215866983972
0.928568671047549	0.0490930322305018	0.0123411056500131	0.00999719107193666	0.903712932413794	0.0616154188479024	0.0134232223314286	0.0212484264068747	0.731750945481192	0.259537043046964	0.00435441201537032	0.00435759945647383	0.979952842985638	0.00435428911717423	0.0156928678971879	0.97950820090689	0.00558529810093668	0.0149065009921736	0.88883382663022	0.00772985241963791	0.0015515093773406	0.101884811572802	0.821792223218676	0.00656156401265253	0.0119154091603541	0.159730803608317
0.927298799811456	0.0473488716374573	0.0136892874625464	0.0116630410885406	0.901677852406814	0.0635396208268526	0.00591453551750463	0.0288679912488291	0.701298831202816	0.291256573389486	0.00519327010496389	0.00225132530273357	0.985798751807764	0.00173925817893263	0.0124619900133036	0.983440635661449	0.000266786212611971	0.0162925781259392	0.88690013632917	0.00396524038731152	0.00726860874596152	0.101866014537557	0.825718326740046	0.00918204996979934	0.007852420793262	0.157247202496893
0.936951145531209	0.0494418722170071	0.0116799239040488	0.00192705834773558	0.909939182539361	0.0574150745367101	0.00874865370985382	0.0238970892140756	0.71669255978561	0.279199462982315	0.00328572815185391	0.000822249080221815	0.986201844035884	0.00363762237469571	0.0101605335894206	0.983534163077749	0.00135128246936203	0.015114554452889	0.878490328084489	0.00558717032165913	0.011127017423557	0.104795484170295	0.821316115665375	0.012048520910174	0.00828068232131869	0.158354681103133
0.929564471680443	0.0420023063477798	0.0137033218131244	0.0147299001586528	0.904672174131091	0.0591417883420557	0.0114344349182779	0.0247516026085757	0.723857959969971	0.27442828183949	0.00159511303146127	0.000118645159077279	0.980277470740012	0.00286889830080001	0.0168536309591882	0.980618413785826	0.00602970198869766	0.0133518842254761	0.875851822772574	0.00795021271200684	0.0134961902452083	0.102701774270211	0.822074665341562	0.0085906617907124	0.00646007968798575	0.162874593179739
0.918925204789212	0.0575741836042653	0.0167043404511169	0.00679627115540544	0.908354169422555	0.0660019886767674	0.003202541985255	0.0224412999154226	0.717183645180182	0.279586100855853	0.000235949387592404	0.00299430457637228	0.988651078833444	0.0011531091404352	0.0101958120261211	0.975636168727716	0.0094505103756564	0.0149133208966279	0.884601930855254	0.002090914249938	0.00656458305593196	0.106742571838876	0.827964667413065	0.00968985121781984	0.00353222374999602	0.158813257619119
0.925435367319871	0.0438268755409132	0.0189541489039101	0.0117836082353058	0.907509173249096	0.0537751354178044	0.00987599302936775	0.0288396983037319	0.719810565041935	0.277543216132243	0.00214692062411721	0.000499298201705286	0.981152199799847	0.00733445043066694	0.0115133497694861	0.984499981402372	0.00630679660545575	0.00919322199217245	0.885274174876638	0.00695652691359117	0.00493998848070242	0.102829309729068	0.826887431822981	0.0105955941816329	0.00838107945308209	0.154135894542304
0.924901542671161	0.0485574592300922	0.019297564120127	0.00724343397862028	0.899901693227707	0.0607386370269878	0.00982987808334078	0.0295297916619648	0.713463980272452	0.279812025112118	0.00324177423933546	0.00348222037609421	0.989905325394315	0.000731760419980758	0.00936291418570423	0.979877280576124	0.00586333026837246	0.0142593891555037	0.888177197551792	0.00303290522530052	0.00650405840171129	0.102285838821196	0.834952278058838	0.00264175355098675	0.00182208740364093	0.160583880986535
0.923868428141093	0.0495044761600518	0.0199084122620229	0.00671868343683252	0.901247371522722	0.0606809682769663	0.0136861980149232	0.0243854621853881	0.72036688251511	0.275673530964542	0.000311073792252486	0.0036485127280957	0.982426172637411	0.00525936482780266	0.0123144625347867	0.978217858885107	0.00407539717614446	0.017706743938749	0.88533235711969	0.00867979554402157	0.00594629024309693	0.100041557093192	0.825997249993933	0.00849467429169009	0.00451700731856143	0.160991068395815
0.924592571650472	0.050069169851679	0.0174790097789301	0.00785924871891875	0.901238012230615	0.0594520863705289	0.0147581946711573	0.0245517067276986	0.716570558613474	0.275737848365467	0.00320998078994468	0.0044816122311141	0.985136642704285	0.00201179447190856	0.0128515628238059	0.983168873971152	0.00263362639345452	0.0141974996353936	0.883684808998123	0.00633026085955475	0.00822286722797257	0.101762062914349	0.823746519436429	0.00963498889674057	0.00516616650891854	0.161452325157912
0.924318352782018	0.0441305467200777	0.019998003024739	0.0115530974731653	0.906960755134751	0.0633562676535399	0.0042909025609705	0.025392074650739	0.723925467025681	0.271122589566609	0.00468194197860263	0.000270001429107424	0.980783602052107	0.00814028395043575	0.0110761139974574	0.981799110556325	0.00223750094223619	0.0159633885014389	0.880837650305654	0.00423518873780657	0.0106757852695415	0.104251375686998	0.825098141856448	0.00665291021716042	0.00449585482057549	0.163753093105816
0.920618796649518	0.0490476787425562	0.022979801537115	0.0073537230708113	0.907594341953646	0.056399075311841	0.00729971447989833	0.0287068682546152	0.716867338547866	0.276693620688706	0.00427465934959133	0.00216438141383668	0.986581080504577	0.0020116228995302	0.011407296595893	0.983901722745881	0.000397383829334003	0.0157008934247853	0.886845802433232	0.00295873353587957	0.00548293903183899	0.10471252499905	0.841759881387055	0.0033139456517218	0.00323120544074442	0.151694967520478
0.928138357392521	0.0499544229268841	0.0126611782277296	0.00924604145286516	0.897927359737225	0.0547648387513633	0.0153535705123657	0.0319542309990457	0.711392102514674	0.28286089024375	0.00475700339960179	0.000990003841974796	0.98176342145459	0.00657904942659549	0.0116575291188147	0.979141268640909	0.00250653879552303	0.0183521925635684	0.887071310117605	0.00426084863342783	0.00725040930364766	0.101417431945319	0.821734278122624	0.0131532107901276	0.00915678925275342	0.155955721834495
0.925753398384996	0.0479626192370834	0.0227044738856983	0.00357950849222212	0.904551553717035	0.0638798554631405	0.00568583083251186	0.0258827599873123	0.716637269198004	0.281003874163635	0.000555303749976667	0.00180355288838451	0.984713132394844	0.00388572833264646	0.0114011392725092	0.977877395886156	0.0068907430340804	0.0152318610797639	0.878008428133685	0.00563886556061385	0.0107966883659385	0.105556017939762	0.82980453872605	0.00644076220685474	0.00408713818829803	0.159667560878797
0.920791436800889	0.0475833321852821	0.0199955193025988	0.0116297117112298	0.9019134425027	0.0655859507047379	0.0070404300638963	0.0254601767286662	0.708891924278532	0.286550432843143	0.00298079007022635	0.00157685280809815	0.981931230831276	0.00663237669108937	0.0114363924776342	0.983657519447368	0.00726234285042803	0.0090801377022035	0.886303397214106	0.0019320132559297	0.0052764975021273	0.106488092027837	0.824082990468927	0.0104272775248859	0.00773819587002376	0.157751536136163
0.931710377921733	0.0471837219992547	0.0182644119273774	0.00284148815163505	0.896277631284749	0.0603066042180252	0.0119521171367846	0.0314636473604408	0.717560444510496	0.273449031470461	0.004882793730525	0.0041077302885174	0.98777673875344	0.000984345545854502	0.0112389157007058	0.983553168908528	0.00345220080299903	0.0129946302884733	0.880921397400053	0.00697312742363283	0.0063069614621905	0.105798513714124	0.828068251154576	0.008169629408547	0.00150091972458325	0.162261199712293
0.919509611016666	0.057134124729462	0.0114319921497462	0.0119242721041257	0.90906069363474	0.0612779238920375	0.00852959036725046	0.0211317921059718	0.727283643789981	0.268418414764776	0.00151926415802601	0.00277867728721707	0.978097141411403	0.00408619231568354	0.0178166662729135	0.98162513040824	0.00260742803783444	0.0157674415539254	0.880801946606347	0.00719518496058032	0.00559132473153602	0.106411543701536	0.822052144286296	0.00521963502799135	0.0128086872559969	0.159919533429716
0.929307671280888	0.0438566539885849	0.0178300114401743	0.00900566329035295	0.902749433460228	0.0548524544313447	0.0167165210494025	0.025681591059025	0.722064889190269	0.272103224542663	0.000577775435867421	0.00525411083120022	0.984888104485465	0.0044613337908804	0.0106505617236543	0.980814985396601	0.00679001067444664	0.0123950039289519	0.885320437888912	0.00589735841980132	0.00603290716586563	0.102749296525421	0.825136454604288	0.011469242161792	0.00693014481395168	0.156464158419968
0.929016444728623	0.049612417841478	0.00976978466997856	0.0116013527599202	0.912771199683665	0.0564061783269466	0.0102326321017288	0.0205899898876592	0.720796043382115	0.274413148676612	0.00234591692664792	0.00244489101462464	0.990594262496205	0.00315895513659563	0.00624678236719915	0.983480912639246	0.000363984638208979	0.0161551027225454	0.87382829794351	0.0102906653353366	0.00816986039609057	0.107711176325062	0.829751376669268	0.00455243314207278	0.00409069919779012	0.161605490990869
0.930772200694394	0.0475284787554355	0.0176984651964688	0.00400085535370208	0.90567422064772	0.0588885941741744	0.0119400568456581	0.0234971283324473	0.715283513454098	0.281260517156634	0.00292484154313241	0.000531127846135973	0.981250916325556	0.00512623544943703	0.013622848225007	0.97950226609769	0.00262625157501016	0.0178714823273002	0.886646547273455	0.00315292343966686	0.00839365095388952	0.101806878332989	0.834376087228456	0.000382066873134279	0.00509874916771833	0.160143096730692
0.926264972210413	0.047412453560259	0.0136048967846293	0.0127176774446991	0.906068474245712	0.0582306137262699	0.00978794695885028	0.0259129650691674	0.718179759113235	0.272992995147942	0.00809477417532927	0.000732471563494034	0.990274943866404	0.000387265057421987	0.00933779107617406	0.984695716305499	0.00420895259688143	0.01109533109762	0.886623914608618	0.00546903403015275	0.00415754966794993	0.103749501693279	0.826169895497542	0.010557181028991	0.00584236684261307	0.157430556630854
0.934712231243579	0.0426892059382775	0.01816002415232	0.00443853866582356	0.908015225447694	0.0588680799734818	0.0138868271179384	0.0192298674608862	0.724673743766074	0.272264310137411	0.00100167395483857	0.00206027214167662	0.989828697256842	0.00193265613730431	0.00823864660585327	0.983733874246717	0.00382833186476752	0.0124377938885151	0.892826230792375	0.00904062204452409	0.00357562662234376	0.0945575205407573	0.833087055295345	0.0102331291586976	0.00257238963011862	0.154107425915839
0.931727177155878	0.051419039066138	0.0159583546277879	0.0008954291501959	0.89880674589488	0.066208494681806	0.0134852770458279	0.0214994823774863	0.72049355873087	0.274302793741019	0.00245591996864275	0.00274772755946841	0.980305626750156	0.00643302273185679	0.0132613505179873	0.988590091439942	0.00232686345230008	0.00908304510775773	0.884536718544169	0.012723787728864	0.00325513984253346	0.099484353884434	0.824093385281833	0.00649422146710924	0.00917027916428693	0.160242114086771
0.933081018165399	0.0472372196511518	0.0108342153324065	0.00884754685104255	0.903819929007956	0.0594762216279734	0.00395862836497431	0.032745220999096	0.720880303280163	0.275613783904243	0.000695112927053414	0.00281079988854105	0.986535072689661	0.00598998954942915	0.00747493776091005	0.98156782018196	0.00102795612412306	0.017404223693917	0.889351991536931	0.00345905943213487	0.000275758131425741	0.106913190899509	0.823499196121199	0.00695898539145477	0.0094806823893987	0.160061136097948
0.925328553665083	0.0452572783492961	0.0160976784414188	0.0133164895442024	0.891966942964866	0.062587464629942	0.0165611876833383	0.0288844047218535	0.729533755085359	0.268470507456385	0.00193978820004051	5.594925821561e-05	0.98253964539191	0.00892754116075774	0.00853281344733214	0.980079432726344	0.00280375529094938	0.0171168119827062	0.882515507508724	0.00478634958476342	0.00524106928689264	0.10745707361962	0.82269950428074	0.00861002069714879	0.0109552729755595	0.157735202046551
0.92517322777828	0.0489936368819934	0.0188965316823045	0.00693660365742176	0.897540662871453	0.0677168421630895	0.0100660164497734	0.0246764785156842	0.719962028538443	0.278030297289503	0.000445330537984989	0.00156234363406831	0.983508823164521	0.00294269390544906	0.0135484829300294	0.980184432017517	0.00336166192172356	0.016453906060759	0.886059147237554	0.00616227636011028	0.00502650341026748	0.102752072992068	0.826363601873941	0.0101099448382738	0.0034837190530226	0.160042734234762
0.932441786943815	0.0456940831819745	0.0140536665790938	0.00781046329511641	0.906846524845911	0.0593975566071967	0.00809058790540763	0.0256653306414847	0.720017244907584	0.276638112064917	5.83391616328232e-05	0.00328630386586607	0.990818781644806	0.00323279653148129	0.00594842182371233	0.986824563190292	0.00161253844306424	0.0115628983666438	0.891057786749499	0.00438494580416739	0.00164060488319934	0.102916662563134	0.828780329735884	0.00373336055301397	0.0102138005346018	0.157272509176501
0.932091163977493	0.0463315647725885	0.0182405563834164	0.00333671486650245	0.909876066061234	0.0549877547999943	0.00818461444635433	0.026951564692417	0.710792649833747	0.280068343986267	0.00342833837992062	0.00571066780006523	0.984119824190709	0.00595651711632965	0.00992365869296143	0.98489134894111	0.00338462189664178	0.0117240291622488	0.879593960515035	0.00637310475761417	0.00891739769141173	0.105115537035939	0.82237653103876	0.00513552348641957	0.00748131550173194	0.165006629973088
