0.917632567136146	0.0468848447597448	0.0114582687244084	0.0240243193797006	0.903490015888365	0.0508051687112063	0.0039091764333315	0.0417956389670974	0.385726216256721	0.600606589107796	0.00622509791230735	0.00744209672317653	0.98926237224284	0.00521556466243463	0.00552206309472494	0.981804370818636	0.00015744619553951	0.0180381829858243	0.889864089564478	0.0258872530843639	0.00228375208267739	0.0819649052684812	0.859167116035448	0.0349379344353807	0.00218563254264143	0.10370931698653
0.923729010076964	0.0622940689594091	0.0137666951937432	0.000210225769884033	0.892402266465154	0.0542593461804427	0.0152812783155944	0.0380571090388091	0.41096058489979	0.587607250500041	0.000399096954034148	0.00103306764613462	0.987130629028341	0.00664473477421194	0.00622463619744703	0.976506449786181	0.000874921044483609	0.0226186291693351	0.902672567475187	0.016395295063633	0.00141019381843438	0.079521943642746	0.840135977024653	0.0524878515535017	0.000127571140562443	0.107248600281283
0.926027817076389	0.0524859536931529	0.00320220151162769	0.0182840277188301	0.908452795672229	0.0521604991274057	0.000760458039168025	0.0386262471611969	0.381121768499987	0.614928773408772	0.000545840009101755	0.00340361808213913	0.98943856811255	0.000429528130801308	0.0101319037566487	0.979429029089453	0.000443386862295991	0.0201275840482508	0.912828878144537	0.0105614263366625	0.00271039294480958	0.0738993025739907	0.891801413582051	0.00541567151936461	0.0012061179293197	0.101576796969265
0.920158174159388	0.0622387512071076	0.0154814705053125	0.00212160412819197	0.900982671843717	0.0527275509808214	0.00658462000364241	0.0397051571718188	0.385170996011531	0.608107094445348	0.00637404768820482	0.000347861854916052	0.980883101746742	0.00474831335885365	0.0143685848944041	0.985615123266907	0.00119950731497133	0.0131853694181212	0.915411630815924	0.0141061370637404	0.00154561343377244	0.0689366186865634	0.87007913812534	0.0293866160989174	0.00360244398304974	0.0969318017926927
0.910459982423998	0.0614619699285481	0.0146102433691573	0.0134678042782968	0.893064730099462	0.0528113950589876	0.00585614164656722	0.0482677331949831	0.377319257849231	0.619603601399049	0.00230569791698494	0.000771442834735436	0.991992349919182	0.00061114460661971	0.00739650547419836	0.973713181055306	0.00497081832542542	0.0213160006192689	0.916166453612362	0.00767942376275806	0.000685208999865199	0.0754689136250149	0.900340713351469	0.0154737745879264	0.00752058536087988	0.0766649266997246
0.913857526167609	0.0572237798737388	0.0153885481837143	0.0135301457749382	0.906244619688794	0.0507526463980503	0.00388994810629947	0.0391127858068567	0.350948586106209	0.643502863565195	0.0040065252393179	0.00154202508927751	0.982799029333072	0.00608959417886163	0.0111113764880665	0.984496786492089	0.00148118752972008	0.0140220259781906	0.912008559679708	0.00985171811468983	0.00251215611974205	0.0756275660858605	0.855381446790263	0.055499942768947	0.000373238881681148	0.0887453715591092
0.941136411635462	0.0499132980145914	0.00771890484528642	0.00123138550466035	0.897003374129309	0.0559871761425299	0.00676314494729209	0.0402463047808696	0.393577461507685	0.598121751480341	0.00397357597700222	0.0043272110349723	0.989494219010676	0.00126192769770877	0.00924385329161492	0.976164913197308	0.00442320871385305	0.0194118780888387	0.906143013934885	0.0197575823062522	0.000616938708136536	0.0734824650507259	0.894142990179946	0.00471369538157651	0.00525163210679585	0.0958916823316815
0.936773661459245	0.04531460001492	0.00378521576766451	0.0141265227581702	0.897494438888857	0.053320879827226	0.00590055576349255	0.0432841255204241	0.401929367661285	0.595473501473683	0.00121241883203539	0.00138471203299677	0.986482185546238	0.00381246098397354	0.00970535346978794	0.978213915520931	0.00605534019482109	0.0157307442842481	0.920556647112813	0.000483497726906332	0.00184628014953359	0.0771135750107467	0.927369422810239	0.0433504192532067	0.00205962546043371	0.0272205324761207
0.928745746967208	0.0558583281299873	0.0080651618456888	0.00733076305711593	0.899573076916498	0.0539959172860816	0.0105934916263123	0.0358375141711083	0.363304993970239	0.624856742124321	0.00379609639191256	0.00804216751352821	0.985123208881642	0.00319817014901899	0.0116786209693389	0.978832214139673	0.00469870166601209	0.016469084194315	0.906619872206514	0.0121046580165385	0.00112134881578069	0.0801541209611668	0.911308251267805	0.0263996347141279	9.03367826999612e-07	0.0622912106502397
0.923693278035075	0.0617337624329322	0.00759312484009298	0.00697983469189982	0.893387759502064	0.0505569632554059	0.0108232381525204	0.0452320390900102	0.388853176001066	0.607684647460978	0.0033685681621518	9.36083758040713e-05	0.989818014461061	0.000567041674515761	0.00961494386442324	0.986395762065477	9.01405646877554e-05	0.0135140973698355	0.918081988775014	0.00948305316329274	0.00196963175888647	0.0704653263028067	0.897669184558958	0.0110521368541286	0.00157840761441863	0.0897002709724951
0.937017380573952	0.0540477673389382	0.00597991202285561	0.00295494006425354	0.895424974562037	0.0531009669006038	0.00974033654287918	0.0417337219944803	0.403932629854767	0.592653820481568	0.000903077182877105	0.0025104724807873	0.98250167226684	0.00409762133174176	0.013400706401418	0.989925536204921	0.00049953730693455	0.00957492648814503	0.915040195369489	0.00970269369887834	0.00282815926242213	0.0724289516692107	0.885882656162469	0.000266777015233745	0.0043609355971124	0.109489631225184
0.92005144317475	0.0502940844402496	0.0101980595231951	0.0194564128618054	0.893336051797005	0.0505613148541973	0.0125736651006456	0.0435289682481518	0.374594896558313	0.619184700712507	0.0044443926851063	0.00177601004407401	0.975248010615911	0.00899268526175218	0.0157593041223369	0.975116334485924	0.00249736068218238	0.0223863048318936	0.923802076380895	0.00351781992863812	0.00179132857018852	0.0708887751202785	0.926943959685851	0.00488774118015591	0.000284489903805128	0.0678838092301882
0.907174241609717	0.0564544556452266	0.00839026911972342	0.0279810336253332	0.89062850197772	0.060519640775661	0.00355509434111359	0.0452967629055054	0.407858498922294	0.585542872760241	0.00130891741291988	0.00528971090454537	0.9886380382165	3.12926734298479e-05	0.0113306691100706	0.985573109413355	0.000988455468750245	0.0134384351178952	0.921828173867708	0.00231324697737151	0.00267905841500392	0.0731795207399164	0.855331962425628	0.0664398027171869	0.00173492300138233	0.0764933118558031
0.942761909885585	0.0527789001019694	0.00372656430707095	0.000732625705374298	0.911006255611942	0.0406863404980459	0.0077468596060364	0.0405605442839754	0.377433516521171	0.620838608197679	0.00131335301814867	0.000414522263001674	0.984370129714363	0.00168710633487997	0.0139427639507566	0.975181090508234	0.0044905366173603	0.0203283728744056	0.90968646974397	0.0111542212559756	0.00405272791164915	0.0751065810884048	0.909434476673136	0.0362150418657112	0.00514287343492922	0.0492076080262231
0.920911344769636	0.0532213405956427	0.0122845895530523	0.0135827250816687	0.898063504040373	0.0519527337860931	0.00979889470822032	0.0401848674653131	0.401343971514334	0.589083628101775	0.00289672486353744	0.00667567552035391	0.983270450749407	0.00397817519911373	0.0127513740514794	0.985146130293301	0.00496540602109329	0.00988846368560608	0.911974167461922	0.0121408090534382	0.00311659304201853	0.0727684304426211	0.847851562496478	0.0385710197868723	0.0053774619542827	0.108199955762367
0.944706656265391	0.0463963508594657	0.00641881752279039	0.00247817535235301	0.89935768733468	0.0537794587043647	0.00360175691262443	0.0432610970483305	0.375703655345879	0.622847264015116	0.00121365893650636	0.000235421702498446	0.983640112157617	0.000945997096955819	0.0154138907454268	0.988250021071707	0.00046223507690029	0.0112877438513927	0.921298701750383	0.00028757883260517	0.00367942806964245	0.0747342913473691	0.895863118905805	0.0137134424221601	0.000385066616779547	0.0900383720552557
0.927350402904272	0.0591347618856018	0.00650345038803373	0.00701138482209281	0.89845884570885	0.0559045703782572	0.00481374612268406	0.0408228377902087	0.390837749993147	0.597183258984955	0.0044458841963004	0.00753310682559745	0.991595871995238	0.00183449848549888	0.00656962951926295	0.982381105828541	0.00134121393327639	0.0162776802381826	0.927511928975727	0.00379215424576367	0.00392394865943153	0.064771968119078	0.83435881560803	0.020194244890791	0.000333941524401811	0.145112997976777
0.93589987249972	0.0523917947286004	0.00264498154131667	0.00906335123036258	0.894008738498592	0.0540760915779515	0.00602562778218096	0.0458895421412758	0.396631244460401	0.600974459789142	0.00130809278179825	0.00108620296865818	0.991272692050202	0.00205922756371919	0.00666808038607857	0.977365693814462	0.00526254823094217	0.0173717579545962	0.915798505325594	0.00180927758759992	0.00680725205091513	0.0755849650358908	0.869916795618844	0.0439125728104175	0.00401335588977033	0.0821572756809679
0.921336647417245	0.0489230130750175	0.0141633047962087	0.0155770347115288	0.895739467908246	0.0508679696349543	0.00784949354089737	0.0455430689159026	0.387856329022479	0.603564169963093	0.00309015195097605	0.00548934906345272	0.987804130183096	0.00349461939638968	0.00870125042051398	0.976928993023416	0.00503056611424216	0.0180404408623414	0.91941624512564	0.00618952792584504	0.00301766630182461	0.0713765606466903	0.899952849898685	0.0418567316057548	0.00406911317194607	0.0541213053236145
0.935740083846279	0.0601035339477186	0.00333168007032879	0.000824702135673755	0.895501970157318	0.0584083128886688	0.00481222602040905	0.0412774909336042	0.406101904218113	0.587078287349995	0.00225946397901399	0.00456034445287792	0.991342018134272	0.000562170431879613	0.00809581143384854	0.979203915473843	0.00133973725735214	0.0194563472688053	0.919987400891713	0.0133751028312226	0.00218857183978844	0.0644489244372758	0.803024661170877	0.0442225228867195	0.00514438801863253	0.147608427923771
0.913295964279267	0.0583241281958	0.0107695461853725	0.0176103613395609	0.903576419730643	0.0507765832619347	0.00334855551215549	0.0422984414952666	0.415382043979685	0.579976420426258	0.0043657455997404	0.000275789994316918	0.990480868636041	0.00251247424632297	0.00700665711763634	0.97516904910028	0.00127865748010907	0.0235522934196112	0.91187596867744	0.013380897888713	7.3979597338032e-05	0.0746691538365086	0.825206864050446	0.0522286805431193	0.00275412619168621	0.119810329214748
0.931637140499796	0.0475306685964295	0.00290694116183089	0.0179252497419436	0.900905680733974	0.0506592970099659	0.00521667745426151	0.0432183448017981	0.36164968370053	0.632116102647753	0.00392402212306912	0.00231019152864785	0.98791034397751	0.000829177006859115	0.0112604790156308	0.984944710541519	0.000248513072010898	0.0148067763864701	0.909531117239824	0.0120093629839249	0.00547371474115982	0.0729858050350915	0.845900183438376	0.0220101543009047	0.00315700056687313	0.128932661693846
0.9216689877021	0.0548619152758059	0.0105699758513815	0.012899121170713	0.900829293646323	0.0495512561950412	0.0061049016361687	0.0435145485224674	0.385913437269009	0.609389978329352	0.00152698746761507	0.00316959693402362	0.984646771079985	0.00524194537585258	0.0101112835441627	0.984438167683872	0.00202937340657751	0.0135324589095501	0.897623585110772	0.0220933595596031	0.00462446374232555	0.0756585915872993	0.842751143953523	0.0467877702101396	0.00407327792681945	0.106387807909518
0.938605381985078	0.0460915169959118	0.00512358198058875	0.0101795190384218	0.900668550812053	0.0434154025223676	0.012957493873704	0.0429585527918754	0.385065300409858	0.609787754844757	0.00348942577967296	0.00165751896571161	0.989569867080004	0.00354128613387757	0.00688884678611871	0.984243010392164	0.00573384272660478	0.0100231468812311	0.908213211176841	0.012046205824442	0.00137335618836241	0.0783672268103547	0.874244520267873	0.0019690635258916	0.000381691488113546	0.123404724718122
0.915568878249823	0.0576925927847648	0.00760125837640362	0.0191372705890089	0.902985916747654	0.0510269060266935	0.00477005398465265	0.0412171232409998	0.417231749249525	0.580058746128211	0.00260746591687733	0.000102038705385972	0.985495887759125	0.00699830475524718	0.00750580748562808	0.979104215430944	0.00137475607743424	0.0195210284916217	0.901061000095202	0.0133610464339936	0.00273795012065744	0.0828400033501468	0.829806670251089	0.023579793330675	0.000442580281522097	0.146170956136714
0.932991872650892	0.0470480654472101	0.00904313933653701	0.0109169225653609	0.896764718509874	0.0546544324644211	0.009837730431399	0.0387431185943056	0.395236822265622	0.601473898926652	0.000628387733882735	0.00266089107384276	0.984658762083138	0.0011787830501848	0.0141624548666773	0.98321019451678	0.00178593306689451	0.0150038724163252	0.916964008962644	0.00824673582270602	0.00295582495489262	0.0718334302597578	0.855121464861244	0.0610979694866745	0.00324196673888947	0.0805385989131921
0.930757753773597	0.0565663827393671	0.00211631787823331	0.0105595456088024	0.89570685504846	0.0523440303639581	0.011734593077097	0.0402145215104846	0.344969591326888	0.64790961015936	0.00564528599697558	0.00147551251677642	0.983264709238649	0.00644975911863456	0.0102855316427163	0.982775277994291	0.00317770994059306	0.014047012065116	0.902367739422222	0.0197912676474307	0.000532366780749058	0.0773086261495979	0.897732815684578	0.000761926068245806	0.00210671088848011	0.0993985473586965
0.921247178206053	0.0567832626869599	0.00960705247547593	0.0123625066315109	0.900993708250746	0.0488064546086328	0.0098986931605492	0.040301143980072	0.387774972503096	0.609571249622585	0.00105237723694025	0.00160140063737791	0.990243017714538	0.00375598725572688	0.00600099502973466	0.982226451783916	0.000129089134278081	0.0176444590818058	0.893169717440651	0.0231518091032039	0.00285192571409706	0.0808265477420479	0.809970998223323	0.0625439071968441	0.000963876903671598	0.126521217676162
0.928721876942591	0.0517847322272005	0.00761232641698224	0.011881064413226	0.907028573157664	0.0479850206178978	0.000265800279229503	0.044720605945209	0.387089401531546	0.608627688651941	0.00300173365161878	0.00128117616489352	0.977346717194834	0.00756908138789884	0.0150842014172668	0.980884718592702	0.0040645220722191	0.015050759335079	0.913542323941081	0.0125303262203612	0.000484823483448531	0.0734425263551091	0.869804111292855	0.0156633226831273	0.000861186595656464	0.113671379428361
0.933131360832291	0.0489335475394057	0.00345884679449329	0.0144762448338099	0.90053138832233	0.0490066472726489	0.00776363394009433	0.042698330464927	0.384008779764046	0.610523609926929	0.00151324750103558	0.0039543628079896	0.983569059349382	0.00797224799633314	0.0084586926542846	0.976530374761423	0.00388815678686345	0.019581468451714	0.904018030646282	0.0125336352127737	0.000722741500883636	0.0827255926400604	0.833116065131528	0.0287474340640874	0.00274507009593967	0.135391430708445
0.912082314239964	0.0590139935750861	0.010751013742041	0.018152678442909	0.907833257101161	0.0513646781198694	0.000833750532394814	0.0399683142465744	0.37363045395032	0.619702881347124	0.00257634162988797	0.00409032307266765	0.980955278435715	0.00434368005579148	0.0147010415084935	0.97558764336608	0.00233720925332722	0.0220751473805928	0.912786682846398	0.0153350839682292	0.00184941417004225	0.0700288190153302	0.939786010282441	0.0224018645791395	0.000661870099041278	0.037150255039378
0.910370714742992	0.0542879977418217	0.0107248289526396	0.0246164585625465	0.893507855713158	0.0574663148972003	0.00473798664118986	0.0442878427484517	0.419531201512736	0.576512534514697	0.00028341910242316	0.00367284487014378	0.984273549760672	0.00591318706317415	0.00981326317615356	0.980881407393441	0.000675469766416862	0.018443122840142	0.91677689929369	0.000347410827332065	0.0025606660784081	0.0803150238005699	0.880549101322199	0.030791775047745	0.00328936566661234	0.0853697579634439
0.929717328918706	0.0557216502299093	0.00304963828073529	0.0115113825706498	0.895107896444712	0.0516798732994532	0.00882894541869811	0.0443832848371371	0.421117925674342	0.577509937129339	0.000758255677738265	0.000613881518580551	0.988808390872524	0.000120267772929605	0.0110713413545461	0.974491330443002	0.00547075124089076	0.0200379183161072	0.912386915874073	0.00897958166323425	0.00141724827747119	0.0772162541852215	0.826875146399626	0.0516413257596977	0.00423992466785761	0.117243603172818
0.935001333606392	0.0567829352453467	0.00616707410451418	0.00204865704374675	0.895465971086871	0.0533109945604261	0.00483646201270012	0.046386572340003	0.382831910574909	0.614408875897331	0.0017725870132901	0.000986626514470619	0.986941837003683	0.00571376849024353	0.00734439450607314	0.980880668311458	0.00120086342695122	0.0179184682615902	0.915736937436128	0.00430642824524113	5.81402042374654e-06	0.0799508202982071	0.908801529333291	0.0327965691314381	0.00223772889496861	0.0561641726403028
0.934541309799041	0.0500125725564082	0.00743894275792164	0.00800717488662951	0.901120576597454	0.0527217897185251	0.006948395741327	0.0392092379426936	0.353980957801499	0.644513555672611	0.000194667235705427	0.00131081929018397	0.97941428679183	0.00979411842060132	0.0107915947875688	0.977230383416081	0.00344693054718998	0.019322686036729	0.906480738489364	0.0197726616924841	0.0029011577019461	0.0708454421162057	0.884709875487061	0.0273181863476471	0.0005145051217672	0.0874574330435241
0.925017423359827	0.0527657826377922	0.00527675373028851	0.016940040272092	0.906392777204449	0.0517990611719596	0.00276521110487731	0.0390429505187138	0.38305387140371	0.605337735784295	0.0032839083713998	0.00832448444059489	0.983569101131918	0.00103075413237272	0.0154001447357098	0.974225699033072	0.00685038729613492	0.0189239136707931	0.917325556518876	0.00163178745468957	0.00165232914440882	0.0793903268820253	0.900581324726717	0.0258321610271255	0.000597038866543502	0.0729894753796141
0.925194887149569	0.0594655039657174	0.00157252868917622	0.0137670801955373	0.9002995289424	0.0536078634969759	0.00681433119587185	0.0392782763647526	0.396862131472502	0.597544490319808	0.00559215437396923	1.22383372084224e-06	0.99359219100021	9.75281664975653e-05	0.00631028083329212	0.98241172107122	0.00151757122594299	0.0160707077028372	0.92000166220916	0.00499416363043726	0.00212334412719761	0.0728808300332055	0.833461171788853	0.05020843036316	0.0010053154747186	0.115325082373269
0.935889071002445	0.0597615972454917	0.00283052203392044	0.00151880971814297	0.905627826817606	0.0542843927913071	0.00312973561049753	0.0369580447805896	0.386522988573109	0.609087873702242	0.00404594265729866	0.000343195067350357	0.982284727834258	0.00794972286901864	0.00976554929672366	0.978803053258263	0.000973001259429525	0.0202239454823072	0.905213877772742	0.00786315013077617	0.00299657505885247	0.083926397037629	0.924350333462786	0.00881299270784033	0.00325769920468148	0.0635789746246919
0.925973000771264	0.0483683890653689	0.00724571585149763	0.0184128943118698	0.895319543309357	0.0509458752912027	0.00892277482820887	0.0448118065712314	0.419765474971613	0.574063607774218	0.00232773150280877	0.00384318575136056	0.983919024746431	0.00606702431590932	0.0100139509376593	0.985018512090723	0.00105447733518165	0.0139270105740951	0.908918876620104	0.0188513275902142	0.00256332957485553	0.069666466214826	0.834843334844737	0.0477349264526435	7.61130668138498e-05	0.117345625635805
0.93401710447108	0.051389767090648	0.00825134839353947	0.00634178004473286	0.904429296817786	0.0487969678669434	0.00386141585161324	0.0429123194636568	0.385283443867123	0.606850490944719	0.00661315372126335	0.00125291146689423	0.984338853392654	0.00652063287998355	0.00914051372736237	0.985498360449802	0.000735415830342467	0.0137662237198557	0.910592708264892	0.0157026490751792	0.00165068700149589	0.0720539556584326	0.860982280494395	0.0548504851638849	0.00357642589004851	0.0805908084516715
0.935282118362837	0.0583368429096093	7.65920700114924e-05	0.00630444665754222	0.894634146973663	0.052243153540952	0.0053537128042063	0.0477689866811789	0.366559072803668	0.630969079696348	0.000632197398062998	0.00183965010192115	0.991136803745262	0.00316387353435245	0.00569932272038559	0.984158931531984	0.00111011812280764	0.014730950345208	0.924018888102509	0.00883372018661092	0.00101662989158144	0.066130761819299	0.842695529020883	0.00925685634792755	0.00134024926914732	0.146707365362042
0.928981490826016	0.0506214377801817	0.00572208201247656	0.0146749893813252	0.897354069189274	0.0526604226915342	0.0101836679465481	0.0398018401726437	0.414522549996255	0.583844895485256	0.00023229500299684	0.00140025951549211	0.980610551162348	0.00325326739625087	0.0161361814414009	0.975928191212967	0.00137402138462093	0.0226977874024124	0.913571227209251	0.016073762010873	0.00138509466367793	0.0689699161161984	0.823494992127165	0.0412376443084351	0.00185721491058319	0.133410148653816
0.91455562321118	0.0686242584314372	0.00621619753422535	0.010603920823157	0.905667352585282	0.0503884675695754	0.00644849880236804	0.0374956810427745	0.400149507955108	0.593073251416329	0.0028605410669989	0.00391669956156395	0.978487434873005	0.00724803235842644	0.0142645327685687	0.979626018634753	0.00345682396293466	0.0169171574023123	0.917990755920778	0.00359623579867276	0.00380991486362456	0.0746030934169246	0.897381729331613	0.0166244945942101	0.000672431850698417	0.0853213442234781
0.936749298064552	0.0598417942700211	0.00218928588886974	0.00121962177655726	0.910379826096131	0.043189300419898	0.00349527802480337	0.0429355954591677	0.389757066559797	0.602213104364355	0.00408106222107664	0.00394876685477119	0.990907140995825	0.00257373347344826	0.00651912553072665	0.970371906222893	0.00676840625347995	0.0228596875236275	0.928729921329499	0.00205910087565287	0.000430134247075485	0.0687808435477724	0.832313494023758	0.0527919448048991	0.000624639402697422	0.114269921768646
0.92173819765964	0.0542794250480565	0.00496318947480483	0.0190191878174982	0.900185020973836	0.0495003658698289	0.00928311984361309	0.0410314933127224	0.374069920841583	0.619758697730047	0.000646713392848818	0.00552466803552132	0.993350001320367	0.000963092598920284	0.00568690608071302	0.975719265580845	0.00418142057244898	0.0200993138467063	0.900138093030629	0.0211837128351806	0.00248276572185126	0.0761954284123394	0.786306089011421	0.0713494212190111	4.70455325650084e-06	0.142339785216312
0.933983715972415	0.0524616691975529	0.00705290683504257	0.00650170799498912	0.894831272369966	0.0534714294475395	0.00827894912247578	0.0434183490600188	0.393094928576963	0.604077376795689	0.00145046271122123	0.00137723191612728	0.985489094193898	0.00611774739616607	0.00839315840993622	0.974973443308636	0.00373443712979741	0.0212921195615664	0.92077738878052	0.0105747020773337	0.000388105630696516	0.0682598035114501	0.865238123679269	0.0241101686363823	0.00275836423642208	0.107893343447926
0.939393981256745	0.0569169771977878	0.00351803437776433	0.000171007167702828	0.912173971751269	0.04262019897259	0.00601438438208533	0.0391914448940552	0.373232592509093	0.62126766995847	0.00547222896128434	2.75085711525445e-05	0.97920320492272	0.00652985557279665	0.0142669395044835	0.981266813384414	0.000473637509861462	0.0182595491057248	0.900993194249703	0.0111141535645312	0.00710203953811893	0.0807906126476469	0.91851205918773	0.00439617577390829	0.00171539769773231	0.0753763673406295
0.928559976750866	0.0493896500091318	0.0105560083267769	0.0114943649132253	0.893495300347181	0.0612096751954001	0.00600087225678093	0.0392941522006381	0.38118145000544	0.615745639328065	0.00109832067391612	0.00197458999257956	0.990815143947669	0.00244839228408857	0.00673646376824276	0.981041888740443	0.00216700787043673	0.0167911033891201	0.912105667155691	0.00803301048183168	0.00235042865733083	0.0775108937051466	0.862227938778647	0.0469722637533923	0.00364376899095808	0.0871560284770031
0.936010578773625	0.0568759172847844	0.00170857610536986	0.00540492783622066	0.902645632981648	0.0492681147268989	0.00908586611201351	0.0390003861794399	0.365304874208799	0.624937774144763	0.00255627743095786	0.00720107421548063	0.9835947301464	0.00577770993425725	0.0106275599193428	0.97785828782173	0.00483998935791135	0.0173017228203585	0.916958412846854	0.00425015215647519	0.00450905327683258	0.0742823817198381	0.926969006314107	0.0501207126520466	0.000468035720629114	0.0224422453132171
0.913707744873632	0.0558288368242399	0.00713783843705586	0.0233255798650723	0.907019618960433	0.0521792527588513	0.0048399114266993	0.0359612168540168	0.413106089024163	0.584695299219666	0.0011437413788444	0.00105487037732664	0.982905563631649	0.00440998594195809	0.0126844504263928	0.97227470843239	0.0038906133851261	0.0238346781824834	0.910525150055674	0.0196662762212268	0.000260894699747004	0.0695476790233526	0.830533605253568	0.0500056267561404	0.00598220814713618	0.113478559843155
0.932252443660027	0.0561115778886959	0.00733991059766985	0.00429606785360737	0.900775600535346	0.0543680939154461	0.00722865568575988	0.0376276498634479	0.390140210063525	0.607217235385065	0.00256466923533017	7.78853160789519e-05	0.985171291234237	0.00856090413205395	0.00626780463370883	0.974258275903821	0.00681816843490969	0.0189235556612694	0.927572621870887	0.00587317771031887	0.00251950875906588	0.064034691659728	0.855310523647643	0.0229360488836962	0.00115302800067829	0.120600399467983
0.924278113096427	0.0595635257615164	0.0100269551375721	0.0061314060044844	0.906402548840518	0.0447429097479069	0.0079997527606229	0.0408547886509522	0.415155149871699	0.581987287005897	0.00059500093868349	0.0022625621837201	0.985398687155152	0.00529579881615116	0.00930551402869711	0.972390324746772	0.00449510610075556	0.0231145691524723	0.922109023029711	0.00156871852939483	0.00101749952894811	0.0753047589119462	0.888762555713689	0.0202946809028162	0.00209172984703003	0.0888510335364644
0.940429573574933	0.055311794512724	0.00358262281185716	0.000676009100485569	0.903283753216506	0.0470014979527269	0.00947203080549349	0.0402427180252732	0.377576241971543	0.618161878312688	0.00357382039852331	0.000688059317246043	0.986943070089372	0.00177505730961864	0.0112818726010095	0.982693500092285	0.00217839366073038	0.0151281062469851	0.902358703251588	0.0180379569782793	0.00117937720559781	0.0784239625645344	0.837928010560255	0.0604319622492674	0.00468807249304061	0.0969519546974368
0.92624505015217	0.0616966147712596	0.00118790168372823	0.0108704333928427	0.905998361459291	0.0547424884623173	0.0045483306030529	0.0347108194753384	0.364566588626544	0.626974661678512	0.00685878041917257	0.00159996927577128	0.990363361067204	0.00291024464785606	0.00672639428494035	0.978285782516363	0.00244959316409965	0.0192646243195373	0.925033984411186	0.00608931360053121	0.000895766972419571	0.0679809350158631	0.883625554509323	0.0512838626042562	0.00212885213200573	0.0629617307544154
0.930088539923036	0.0488602721655709	0.01017148890436	0.0108796990070329	0.901722314710436	0.047842865135629	0.00926854830234673	0.0411662718515887	0.396924867524472	0.59937235272685	0.00341343876719348	0.000289340981484584	0.982930620947903	0.00731289124385984	0.00975648780823729	0.979738725867329	0.00122922884336972	0.0190320452893016	0.898262230483424	0.0146884837633259	0.00478947163031865	0.0822598141229318	0.847894185969541	0.0282540871479167	0.00258055350334219	0.1212711733792
0.908284809243356	0.0504059652099219	0.0139662361501788	0.0273429893965435	0.891606629541636	0.0551600674781231	0.0112920566517861	0.0419412463284543	0.388607829655991	0.606367376823541	0.00185651042881835	0.00316828309164975	0.981903530243141	0.00910768466642576	0.00898878509043354	0.976365667453907	0.00511760835654975	0.018516724189543	0.929354700823357	0.00273721407062335	0.00248907549972977	0.0654190096062897	0.850820804401379	0.0437536549880044	0.00516619192041676	0.1002593486902
0.92452246033056	0.0598716225831485	0.00596909041611652	0.00963682667017516	0.905080845619888	0.0559945467910491	0.00411953973024949	0.0348050678588134	0.37636145936364	0.619889622134752	0.000734431088779604	0.00301448741282868	0.984326644149023	0.00395677448248062	0.0117165813684961	0.982494774388647	0.000954079276583594	0.0165511463347698	0.917610253591369	0.00625270527534917	0.00496024580025081	0.0711767953330306	0.860089893358076	0.0328176095296382	0.0022359239594712	0.104856573152815
0.919255132435218	0.0605377410406352	0.00221226404342886	0.0179948624807185	0.914803921924345	0.0436254843826592	0.00340937190746757	0.038161221785528	0.356711293067889	0.636294227691227	0.00108610762314372	0.00590837161774011	0.983442787250463	0.00746304650335262	0.00909416624618459	0.980632196347849	0.000750228529855795	0.0186175751222957	0.918497267900612	0.00594424812524314	9.13732842141461e-05	0.0754671106899303	0.854474577006727	0.0538915942741248	2.74710830772066e-05	0.0916063576360709
0.935634617988913	0.048376408149172	0.00695838326138228	0.00903059060053276	0.898963873630934	0.0570837365657658	0.0036262960110353	0.0403260937922653	0.368465463842515	0.627538340310278	0.00359995018652741	0.000396245660679374	0.986319335023913	0.00270234629205824	0.0109783186840289	0.986899473776337	0.00184176501741285	0.0112587612062498	0.922094629124466	0.00526430895942808	0.0028457850034549	0.0697952769126512	0.896696660229187	0.0528926154734685	0.00179786589919185	0.0486128583981531
0.928116333898219	0.0545754607150589	0.0107047484779377	0.00660345690878398	0.906455553758661	0.0524854701883082	0.00207329527659867	0.0389856807764319	0.396895733224223	0.60135797400985	0.000790537245155363	0.000955755520771757	0.988169932201566	0.00498358933333393	0.00684647846509998	0.98046211593012	0.00165988688111528	0.0178779971887649	0.927093645298902	0.00747892720322922	8.42756943828911e-05	0.0653431518034863	0.909703249449803	0.0288408727096659	0.00574220858901439	0.0557136692515164
0.919537353957797	0.0551561826625955	0.00189434652474705	0.0234121168548601	0.900616278469353	0.0576087067697355	0.00782604533246626	0.0339489694284456	0.397440882408844	0.599350295455813	0.00295729736622494	0.000251524769118131	0.987430113709481	0.0039751426721132	0.00859474361840599	0.975774634948423	0.00330479675645559	0.0209205682951219	0.915774130055198	0.00600546751929777	0.00188688761026175	0.076333514815242	0.836047423902864	0.0458613845927735	0.00429341759214134	0.113797773912222
0.907443436842963	0.060515458393777	0.0144356347116693	0.0176054700515904	0.907652819984044	0.0447618498303141	0.0079947840605413	0.0395905461251006	0.385144121900703	0.60978286372813	0.00147113397671304	0.00360188039445387	0.98447534516073	0.00427876901087335	0.011245885828397	0.982537494431258	0.00124455332553502	0.0162179522432072	0.914513451436817	0.0108322685986649	0.000519633700966148	0.0741346462635517	0.855673436821431	0.055197878913458	0.00487702083670826	0.0842516634284028
0.929461496318891	0.0603297624922747	0.00455510358210542	0.0056536376067294	0.906941885337117	0.0451829051634359	0.00728259408554788	0.0405926154138996	0.403822275682517	0.594378969074847	0.00155970030642602	0.000239054936209403	0.986032369278058	0.004455698127075	0.0095119325948674	0.982061632692513	0.000222424236022033	0.0177159430714653	0.914618939480564	0.00288569115471002	0.00297264688361293	0.0795227224811127	0.875614687359271	0.0110335899718403	0.000257009212985471	0.113094713455903
0.913217701036392	0.0529495400819047	0.0158521819180069	0.0179805769636966	0.90045404814603	0.0539522787041466	0.00349502147992239	0.0420986516699011	0.395728620134137	0.600996396244959	0.00133862444690265	0.00193635917400181	0.984474687676103	0.00566455411269704	0.00986075821120018	0.985090536186123	0.00113978290765495	0.0137696809062218	0.912796269016912	0.00347508922509235	0.00216456611563426	0.0815640756423615	0.785547393558495	0.0639718131577569	0.000324292339835644	0.150156500943913
0.923483506741693	0.0530043635316342	0.0101982537581362	0.0133138759685367	0.907486961581017	0.0495245631664574	0.0034497701316074	0.0395387051209181	0.380323837543709	0.614710005951987	0.000452084664600268	0.00451407183970344	0.986049952021578	0.00210785349916655	0.0118421944792552	0.977594363428562	0.00275858094164624	0.0196470556297921	0.917553885175579	8.55062590148244e-05	0.000813956049101055	0.0815466525163051	0.861479551490605	0.0346392139135325	0.00228689032707534	0.101594344268787
0.909738244479794	0.0527801971251885	0.00542188342878026	0.0320596749662371	0.898169267744236	0.0505926601942448	0.00937564760559653	0.0418624244559223	0.37148318876813	0.626884350217343	0.000361606071956428	0.00127085494257087	0.98309951792223	0.00526090336489939	0.0116395787128703	0.976107328238149	0.000559626920778101	0.023333044841073	0.916934799119985	0.00792480255455019	0.00519574825535214	0.0699446500701123	0.811174465307135	0.0520248999815518	0.000371451374236574	0.136429183337077
0.93357808678445	0.0553027227880345	0.000979189038129632	0.0101400013893856	0.892717580483007	0.0572136223191176	0.00697108481701644	0.0430977123808594	0.388130894804526	0.609862879512794	3.57089555755408e-05	0.00197051672710385	0.981251567603678	0.00278090337122153	0.0159675290251004	0.981864642456886	0.00224202453178003	0.0158933330113342	0.889070490678991	0.0294155500117423	0.000716646752274856	0.080797312556992	0.914687895606277	0.0139829041794476	0.0033127634979795	0.0680164367162957
0.908860035383466	0.0575351701410716	0.000542385903197732	0.033062408572265	0.895942830157193	0.0498160304821863	0.00844924102079222	0.0457918983398284	0.380776279869102	0.612788806935128	0.00264142875880251	0.0037934844369671	0.98330145107896	0.00325970503932751	0.0134388438817121	0.969407355730535	0.00398435704575289	0.0266082872237124	0.911136602600511	0.0128515071056132	0.00378482739074227	0.0722270629031334	0.815047391752968	0.0744206666618648	0.00580558414916393	0.104726357436003
0.935207473931298	0.0450764741409243	0.00742398730228614	0.0122920646254918	0.893851253719022	0.0567247833053189	0.00774250857389353	0.0416814544017654	0.399358821749925	0.598390437030727	0.00125576199929591	0.000994979220052367	0.985757997685779	0.00716887674780104	0.00707312556642009	0.978758681004554	0.00217657588330116	0.0190647431121445	0.905338806589205	0.0113693618321044	0.00535325563180647	0.0779385759468837	0.883143649273345	0.0212581020570042	0.000767037188293814	0.0948312114813574
0.926411037799906	0.0516324691406308	0.0133492804045655	0.00860721265489758	0.905935905550056	0.0530689073851152	0.0023902964572236	0.0386048906076049	0.398853011021631	0.595999862739217	0.000781527001128323	0.00436559923802376	0.985130617161807	0.00444932657158773	0.0104200562666054	0.981676136436182	0.000325239600333226	0.0179986239634844	0.912032303843091	0.00810513842113777	0.00313216950580222	0.0767303882299691	0.836862596713824	0.0515110883293012	0.000737132471359955	0.110889182485515
0.920276440450236	0.0581241472499059	0.00102916210224755	0.0205702501976109	0.902490943500143	0.0505825044887577	0.00541749087645446	0.0415090611346448	0.386438891803217	0.609209816397844	0.00145901696042172	0.00289227483851716	0.973707502508875	0.0112681061355148	0.0150243913556102	0.976653091415764	0.00076945875548839	0.0225774498287478	0.917484509295774	0.00996424278088585	0.00651595088442931	0.0660352970389107	0.837751946866751	0.0271018612293988	0.00252449708256391	0.132621694821287
0.911031041992639	0.0651861664705202	0.00568057263798869	0.0181022188988521	0.901366206414915	0.0495921921512889	0.00626688092269071	0.042774720511105	0.401924973907285	0.597128778584991	0.00050084784681793	0.000445399660905581	0.990041296197157	0.00526293713356069	0.00469576666928189	0.977661593625787	0.00509667390585316	0.0172417324683599	0.921632240007048	0.00474304895299783	0.00112419433618687	0.0725005167037672	0.864387771164287	0.0168203563083495	0.00268724418067274	0.11610462834669
0.922024764618032	0.0593809113004159	0.00826106623736677	0.0103332578441851	0.908101088834234	0.0456146615156864	0.00759304586609513	0.0386912037839841	0.357077337471611	0.635763168002339	0.00464003755531271	0.00251945697073737	0.986837635416461	0.00201150040152119	0.0111508641820182	0.987079880918416	0.00118388974915125	0.0117362293324329	0.899491195444364	0.0204807282559493	0.0043246866944701	0.0757033896052163	0.901857740477125	0.0185620271763366	0.00100015549594668	0.078580076850592
0.939821295329882	0.0491114075041962	0.00664427313869871	0.00442302402722323	0.903654060247325	0.0468098060063807	0.00583988520898057	0.0436962485373133	0.391636533817599	0.602208869558052	0.00219471351325118	0.00395988311109836	0.992562244379685	0.000530663495268387	0.00690709212504676	0.983716215962128	0.000998194006640036	0.0152855900312322	0.915664019245697	0.00542468467805395	0.00727650393543812	0.0716347921408106	0.856137201087928	0.0260288980749741	0.00123753078857369	0.116596370048524
0.935709862283229	0.048700081160972	0.00784052916312741	0.00774952739267159	0.90393801265901	0.0449160564316429	0.0103386551413439	0.0408072757680037	0.354881934921903	0.641240156544373	0.00113969868828693	0.00273820984543746	0.982377106287158	0.00196722325558248	0.0156556704572591	0.976050220348141	0.00232637365811011	0.0216234059937492	0.918209648981586	0.000523876579828621	0.00264045539934442	0.0786260190392409	0.86085811124446	0.0343665725820496	3.32825190042452e-05	0.104742033654487
0.91559100411627	0.0563968145873486	0.00937352514578814	0.0186386561505935	0.900286058906767	0.055629504903152	0.00738644523263323	0.0366979909574477	0.392286018231975	0.602690446149108	0.00257671127626414	0.00244682434265246	0.980942347739633	0.0109791212797327	0.00807853098063433	0.985927133744748	0.00122837138537752	0.012844494869874	0.91036146368641	0.0050245372243773	0.00220819831030526	0.0824058007789077	0.910576649516803	0.00780351619329838	0.00247425559564029	0.0791455786942579
0.931330796492457	0.0544830147051296	0.00375764490322875	0.0104285438991845	0.903795203222766	0.0542980037041858	0.00420403322800464	0.0377027598450439	0.374601511366477	0.619518385292865	0.00309397920860671	0.00278612413205206	0.985195708444473	0.000913027166821483	0.0138912643887057	0.98003213888554	0.00206961508670548	0.0178982460277549	0.912781214795766	0.00530609545562206	0.00126876687835866	0.0806439228702531	0.870602643778157	0.0353718755446015	0.00136292193657209	0.0926625587406689
0.925897350935224	0.0611779364945068	0.00152111486774663	0.0114035977025224	0.901082688499192	0.053048608392283	0.00726922157065194	0.0385994815378733	0.397283739996725	0.601003519340673	0.000259223933500005	0.00145351672910155	0.985888581071248	0.0029772780178372	0.0111341409109151	0.978741711653706	0.0029111648928343	0.0183471234534593	0.901584139045058	0.0133602470957383	0.00590508647559641	0.0791505273836073	0.867029136998468	0.041318359050147	0.00525944752304613	0.0863930564283385
0.925106012781289	0.0570700103473989	0.00421996166315188	0.01360401520816	0.890850036668363	0.0632277275797943	0.00427562706853935	0.0416466086833038	0.380840438920217	0.618785360775724	0.000110380744729112	0.000263819559329844	0.990177206074746	0.000994300700318772	0.00882849322493569	0.980462452153832	0.000992104711009781	0.0185454431351585	0.917195987427104	0.00933593570640534	0.00668031743264042	0.06678775943385	0.934105874905724	0.0195422666758543	0.00284683924097315	0.043505019177449
0.939861943628333	0.0543744736221959	0.00178445059051198	0.00397913215895904	0.905332804366596	0.0437348166933808	0.00857713294222998	0.0423552459977934	0.392889698970033	0.603224739178918	0.00180198055135787	0.00208358129969034	0.981600438150978	0.00743442998263397	0.0109651318663881	0.976913397847878	0.00520046126675597	0.0178861408853658	0.906023356286732	0.00236776848553502	0.0111662932666941	0.0804425819610389	0.904556604942126	0.00192600577773175	0.00132069303131717	0.0921966962488255
0.928233249121967	0.0572381682796484	0.00464998037946914	0.00987860221891563	0.912615045317698	0.045455476020315	0.00216241220683278	0.0397670664551537	0.390170485188707	0.603525619554169	0.000960913936323233	0.00534298132080098	0.979614239613732	0.00371083679610774	0.0166749235901601	0.978135860941235	0.000938799430186909	0.0209253396285777	0.920105893068028	0.00498606517319945	0.00738107794882109	0.0675269638099511	0.818873045939548	0.0827043982928641	0.00272579975398875	0.0956967560135992
0.923829837036492	0.0555957143247892	0.012544234722217	0.00803021391650192	0.903269498779051	0.0510152776295213	0.00497360953505201	0.0407416140563751	0.395224931867296	0.598461636789595	0.00156505996841768	0.00474837137469147	0.986195328878394	0.00344369051493468	0.0103609806066711	0.9844567706286	0.000937425192131613	0.014605804179268	0.902877344441032	0.0177109416171857	0.000192893177420814	0.0792188207643614	0.887503301331262	0.00779396451687079	0.0020940134530485	0.102608720698819
0.914469427543357	0.0672951198427684	0.00826258265866199	0.00997286995521236	0.902401712197516	0.0485022879979769	0.00968256888861873	0.0394134309158884	0.421963099197816	0.569713596875873	0.00620411293865826	0.00211919098765289	0.976028150996162	0.0115587040559299	0.0124131449479084	0.986841452738383	0.000231117420127954	0.0129274298414889	0.917207188760242	0.00754599647206978	0.00207245762513023	0.0731743571425581	0.919556596414042	0.0249652740058333	0.0025871176354109	0.0528910119447139
0.938580510083736	0.0494626630949717	0.00367952048140504	0.00827730633988762	0.900370242972894	0.0480527505435438	0.00788369276268377	0.0436933137208783	0.365020244423461	0.629161786939588	0.00354126262793635	0.00227670600901468	0.987719101791142	0.00457626225104492	0.00770463595781269	0.978753498604008	0.00466007392448725	0.0165864274715049	0.916963248492471	0.0161010694711807	0.00271066488878384	0.0642250171475642	0.8942106234603	0.0262026498141683	0.00109104198634768	0.0784956847391839
0.923395661761225	0.0595349931319775	0.000743390273852034	0.0163259548329453	0.904445047519277	0.0489235114407381	0.00805197597562356	0.0385794650643616	0.410311059532098	0.580036458593521	0.00687637331746775	0.00277610855691345	0.986022168385021	0.000383327711070628	0.0135945039039085	0.977324202794921	0.00450390878514222	0.0181718884199363	0.900773725080834	0.0191645122557657	0.00225550569497325	0.0778062569684267	0.819135603079659	0.0575879209397073	0.00536214553331807	0.117914330447316
0.927034012090563	0.0523894454685624	0.00862799393266474	0.0119485485082104	0.9037503368405	0.0498637682756605	0.00849569395905828	0.0378902009247815	0.337588779351664	0.657285105474925	0.0025507569812844	0.00257535819212703	0.976568292811098	0.00837143142907285	0.0150602757598288	0.97478937395086	0.00265450487628392	0.0225561211728566	0.918106383184514	0.00655505752490338	0.000215285539830598	0.0751232737507518	0.929985708215311	0.0121838114603836	0.00179566245495324	0.0560348178693518
0.916595092959348	0.0590260669273868	0.00679694092869047	0.0175818991845742	0.90239704836499	0.0573952310230494	0.00221051640243043	0.0379972042095299	0.381317129361096	0.613569875180946	0.00501220511542726	0.000100790342530973	0.983893657484974	0.00360920968266661	0.0124971328323595	0.981130129021297	0.00366925757316155	0.0152006134055411	0.912425086134236	0.0109792746903841	3.96318744936799e-05	0.0765560073008859	0.926993321974498	0.00811082374520958	0.00138132651990551	0.0635145277603864
0.933968594754937	0.0489766707481278	0.0166500226509379	0.000404711845997866	0.892871969892675	0.0555341947465601	0.0101706422255654	0.0414231931351996	0.402563071394817	0.594166659526603	0.00252424691202683	0.000746022166553199	0.994145932923126	0.000618496496831041	0.0052355705800427	0.975148662501818	0.00282498780324947	0.0220263496949324	0.906688005220095	0.0121484394912711	0.00394761629813694	0.0772159389904974	0.838572319858784	0.0306743003218177	0.00125132145005968	0.129502058369339
0.929255246879646	0.0556659890223769	0.00943976409578911	0.00563900000218786	0.898003507615751	0.0516529151085282	0.0109221520525416	0.0394214252231796	0.400899328227167	0.596333279649423	0.00239396174044569	0.000373430382964834	0.989170284697695	0.00256626027929045	0.00826345502301469	0.977866307744065	5.22652072377276e-06	0.0221284657352114	0.901185036055377	0.0102075900692569	0.00169475682976571	0.0869126170456008	0.830569928021162	0.0722004750206943	0.00256569400951181	0.0946639029486315
0.924654349513739	0.0552542213524172	0.00395576477298461	0.0161356643608596	0.911400755417039	0.045480157378355	0.00448097009642241	0.0386381171081839	0.390557748865871	0.6051091319863	0.00426033732015161	7.27818276774721e-05	0.986814299572644	0.00393067921213451	0.00925502121522136	0.979291039123531	0.000253030336829867	0.020455930539639	0.920425238252766	0.0122073784579669	0.00306419380488876	0.0643031894843786	0.82763798341391	0.0839790761825373	0.00559938081895631	0.0827835595845965
0.908412749206462	0.0540142691219216	0.0104425100504291	0.0271304716211878	0.897014578281469	0.057384600265101	0.00730553613785263	0.0382952853155776	0.373095103589138	0.621672415988238	0.00264545040158021	0.00258703002104411	0.989157557539244	0.00470618181676412	0.0061362606439916	0.984597591553372	0.000408183865013443	0.0149942245816149	0.918988201093515	0.0114461416644077	0.00202275087186267	0.067542906370215	0.833417829664459	0.0537579679615064	0.00159618588751848	0.111228016486516
0.926092511471687	0.0572382341971373	0.0119955081867811	0.00467374614439513	0.913285704930567	0.0466223406420253	0.00346024893130867	0.0366317054960993	0.364471057038976	0.630816840192224	0.00175318198733006	0.00295892078146941	0.977587864035831	0.00614750824945654	0.0162646277147125	0.97415953445391	0.00578814406952816	0.0200523214765615	0.905550699527285	0.0129685617953584	0.00397328709319739	0.0775074515841595	0.868335026274299	0.0193101676972505	0.00205545264770462	0.110299353380746
0.91123805672003	0.062987587345133	0.00265068970801754	0.0231236662268193	0.902660971986299	0.0489313726236614	0.00780593279459492	0.040601722595445	0.36982731413282	0.621315205016467	0.00696973644865949	0.00188774440205292	0.991202601583086	0.00122164165029746	0.00757575676661644	0.983451723275759	0.000146925230398857	0.0164013514938419	0.902190366638586	0.00669533235759141	0.000747668186238121	0.0903666328175841	0.889522329485631	0.024929264908119	0.00101225371089893	0.0845361518953513
0.917893812098808	0.0626886693081507	0.00631779042922963	0.0130997281638114	0.895377757798758	0.0529294217759115	0.00923979001694712	0.0424530304083834	0.381954928546417	0.610456900280031	0.00635398060515147	0.00123419056840128	0.993964564286311	0.00263776006057686	0.00339767565311193	0.98195261034064	0.00134802487120471	0.0166993647881553	0.914654671298608	0.00349128519184114	0.00247085313632873	0.0793831903732221	0.830099289303828	0.0433910244545411	0.00176372185121026	0.12474596439042
0.912939784550259	0.0593975092323596	0.00561671094934082	0.0220459952680409	0.896155138981269	0.0526133851248806	0.00724433445735018	0.0439871414365004	0.377468868697893	0.616871320617167	0.00266963385806661	0.00299017682687422	0.989580256028767	0.00297324513857912	0.00744649883265442	0.981708525986521	0.00116606163970155	0.0171254123737775	0.898965064355088	0.0256916656881613	0.000160005616212672	0.0751832643405382	0.819982881848946	0.0546902566273253	0.000405560841824522	0.124921300681905
0.920071725580424	0.0609904699317377	0.011359587460624	0.0075782170272143	0.905418057747205	0.0569280157729608	0.00109771316149351	0.0365562133183406	0.397831002352775	0.598001344077677	0.000139698990978418	0.00402795457856957	0.985961423436855	0.00679545734151685	0.00724311922162862	0.97491635838186	0.00481805535169436	0.0202655862664453	0.920484998155258	0.00683775624518069	0.00200110863203795	0.0706761369675238	0.896382992863414	0.00628411902635564	0.00198573451984748	0.0953471535903833
0.935369205897446	0.0595049812681883	0.00115192856690097	0.0039738842674648	0.907688637050263	0.0525284769506761	0.000399318184362472	0.0393835678146983	0.398695805270111	0.598987034867985	0.000306395738282339	0.00201076412362146	0.982673627832134	0.00685181148696523	0.0104745606809009	0.986744016740842	0.0019438678779064	0.0113121153812515	0.91541017311833	0.00358813553205638	0.00204563924880894	0.0789560521008046	0.892691297761871	0.0197025547436042	0.00318296392656753	0.0844231835679575
0.92280335739794	0.0489364131566172	0.00521536753663103	0.0230448619088114	0.902904220126923	0.0501944535603445	0.00819522780187315	0.0387060985108592	0.415181058886013	0.583618199741858	0.000787106925380865	0.000413634446747892	0.991838955653821	0.00255782661245082	0.00560321773372858	0.980053907105738	0.000196682751966251	0.0197494101422962	0.904620260748774	0.0147783595764826	0.00142167214150066	0.0791797075332433	0.900355125460253	0.00103328512660915	0.00140982936062309	0.097201760052515
0.932636804646697	0.0537342273476982	0.0103688471218883	0.00326012088371705	0.897739953835247	0.055434473455208	0.00545790648328473	0.0413676662262602	0.396832491551822	0.596337604132156	0.00234307030168937	0.0044868340143329	0.982291985544898	0.00891930236388254	0.00878871209121889	0.982497023219518	0.000600698860872572	0.0169022779196093	0.922377249455593	0.00993374249696176	0.000898821372768905	0.0667901866746767	0.848500078484411	0.0581488288918963	0.000724272931742267	0.0926268196919508
0.916208820782472	0.0617438142401697	0.00978979386750397	0.0122575711098545	0.893564333008713	0.0511393073384739	0.01052044446872	0.0447759151840936	0.38948961575833	0.60268796080062	0.00530455442092473	0.00251786902012529	0.984767030369078	0.00530899332902665	0.00992397630189551	0.981886948525002	0.00268310283547045	0.0154299486395276	0.907030013914013	0.0166888408435772	0.000705422118148497	0.0755757231242608	0.877252583849348	0.0398267762448478	0.00356036891492495	0.0793602709908795
