0.89409440108345	0.0680436136031135	0.0114587051493841	0.0264032801640522	0.882158245527024	0.0579655797509761	0.0280967444429226	0.0317794302790774	0.761527169141468	0.228721715203937	0.00865770289908134	0.00109341275551439	0.977417636883356	0.0114569669137194	0.0111253962029243	0.960476331479421	0.0206424904638565	0.0188811780567223	0.830759464954748	0.0500852469019765	0.0299843016826796	0.0891709864605958	0.925916540449548	0.000262462856052416	0.00096854112596032	0.072852455568439
0.906549994587901	0.0656199914674788	0.00253402075923835	0.0252959931853815	0.901743606884378	0.0555139026874781	0.0123972388004362	0.0303452516277075	0.73527407813123	0.251576357167724	0.0111520856317374	0.00199747906930885	0.98753619074098	0.00797838781969476	0.00448542143932488	0.967323004541762	0.00901276504909867	0.0236642304091399	0.839635122688192	0.0426137948581811	0.020961401077946	0.0967896813756805	0.925467917016945	0.00149129867743333	0.00473378783513417	0.068306996470487
0.901406557817025	0.06605410681571	0.00622485540397612	0.0263144799632888	0.892853902347129	0.0556787984434242	0.0223057149401693	0.0291615842692772	0.792015920104247	0.190834485696436	0.0154181768945407	0.00173141730477654	0.984748770955466	0.00635767852251326	0.00889355052202127	0.974045948038166	5.32311752610475e-06	0.0259487288443077	0.837562763830283	0.0350971865976996	0.023829108484294	0.103510941087724	0.936364036699619	0.00920849454968654	0.00195216948620754	0.0524752992644865
0.903441300084915	0.070441106310388	0.00720321359566626	0.0189143800090306	0.885117541604809	0.0623000937492907	0.0222024904729794	0.0303798741729213	0.706328408953508	0.278270191699068	0.0134318775375755	0.00196952180984786	0.990852646765745	0.00667488804893971	0.00247246518531475	0.959572313670615	0.0150509947660581	0.0253766915633269	0.82075066630488	0.0573794932337422	0.0155954945639376	0.10627434589744	0.909088537702016	0.00975652735765493	1.87208421037148e-07	0.0811547477319081
0.921101943104263	0.0559156791976302	0.0026613876666011	0.0203209900315052	0.896526819140458	0.0543547325084617	0.0189631726685739	0.030155275682506	0.748406612611024	0.240275865782506	0.00820241956825182	0.00311510203821868	0.990913003791137	0.00553948065715328	0.00354751555170979	0.963937135661574	0.00847863661124084	0.0275842277271847	0.813551373365467	0.049006964391515	0.0195584498008768	0.117883212442142	0.888256988662661	0.00563984119899626	0.00356309631659252	0.10254007382175
0.892519772643569	0.0723626466937193	0.0107002100613279	0.024417370601384	0.888319661583449	0.0600742201905852	0.0180958143247317	0.033510303901234	0.715103037491335	0.263580235591883	0.0183763565243074	0.0029403703924736	0.994310700346017	0.0014975884944665	0.004191711159517	0.966499068100492	0.0106647413689353	0.0228361905305727	0.838643190479779	0.0459388910017176	0.0151981135757304	0.100219804942773	0.921273590003827	0.00700594905884344	0.000703969144697657	0.0710164917926319
0.897764786855878	0.068210605045188	0.00921522104217866	0.0248093870567553	0.894823168414659	0.0634156569727145	0.0114866080966892	0.030274566515937	0.687601779227775	0.300664098389155	0.0100920188584366	0.00164210352463406	0.986471815718306	0.00996437501173323	0.0035638092699605	0.95895542014672	0.0153753351341696	0.0256692447191098	0.85150627834117	0.0536448375634136	0.00197016464470734	0.0928787194507086	0.903177051010115	0.00310690932720865	0.00456278601716825	0.0891532536455085
0.890544245903059	0.0743191601043805	0.00823380851898465	0.0269027854735758	0.890320913276672	0.0571401591925026	0.0211857033413067	0.0313532241895187	0.800361144698594	0.190165816097499	0.00506982078266707	0.00440321842124022	0.991545416537322	0.00709361836221589	0.00136096510046201	0.970509764403522	0.00534535790513982	0.0241448776913382	0.840976697180333	0.0481102974472463	0.0138361773326513	0.0970768280397694	0.896156612462276	0.00293538453553173	0.00491562664267762	0.0959923763595143
0.894166397453058	0.0719672768034396	0.00583439668150866	0.0280319290619933	0.895686880973103	0.0583262173237427	0.0179961062439526	0.0279907954592016	0.739308063703846	0.239733273430283	0.0197977759828128	0.00116088688305826	0.991550386123263	0.00505307165087414	0.003396542225863	0.962778315048176	0.0143922740129585	0.0228294109388656	0.842321681651388	0.0464527077038903	0.0208878158885602	0.0903377947561611	0.886768807843475	0.0113155712563546	0.00282220141834086	0.09909341948183
0.913151050679517	0.0575063624177033	0.00732110597356705	0.0220214809292124	0.881596058754214	0.0616220694743684	0.0213688642522332	0.0354130075191843	0.722575395366481	0.257728212382818	0.0149706289159201	0.00472576333478139	0.988488969969515	0.00940037573439888	0.00211065429608663	0.958303239764822	0.0181329940084076	0.0235637662267704	0.797213398402956	0.0564287304835219	0.03378161366202	0.112576257451502	0.897607582659035	0.00775153915030421	0.000126138247788211	0.0945147399428723
0.901063504101171	0.0681046966668485	0.00689706198914908	0.0239347372428313	0.892360000942051	0.0590654941388741	0.0161224519437169	0.0324520529753575	0.713658077722639	0.274956276492001	0.00748750465754187	0.00389814112781874	0.991340893983882	0.00588039648356965	0.00277870953254841	0.968712718412441	0.00957829928978902	0.0217089822977698	0.85160624708318	0.0366646823873454	0.00725444535002226	0.104474625179452	0.884865428715757	0.0110852248890806	0.00289313146245854	0.101156214932704
0.902877882280238	0.0669272236617854	0.00996971759535883	0.0202251764626176	0.884511217619623	0.0589199617886752	0.0209541082713869	0.0356147123203148	0.778452558169012	0.20483199398123	0.0156184609329652	0.00109698691679293	0.986645525265809	0.00916785161586731	0.00418662311832343	0.954054579261185	0.018776732872715	0.0271686878660997	0.846881546981353	0.0441779327036106	0.0125346348374483	0.0964058854775881	0.910167131425487	0.0114116066761334	0.000377849026543919	0.0780434128718357
0.902321999991683	0.0708266132375682	0.00808243843742966	0.0187689483333191	0.878390171830725	0.0610128709201043	0.0266278966575453	0.0339690605916258	0.683953128463008	0.295477163119511	0.0168411741915228	0.00372853422595772	0.988518590863236	0.00631776316945949	0.00516364596730402	0.965373415610297	0.0118003616295579	0.0228262227601451	0.811024061640981	0.0503860370223422	0.0461059055307907	0.0924839958058867	0.892904209064774	0.00304494628048834	0.00351981415672107	0.100531030498017
0.906411391190217	0.0655228691379974	0.0092521404321625	0.0188135992396233	0.890324293171597	0.0551332686325999	0.0244884479910624	0.030053990204741	0.725618055902772	0.246808477557223	0.0234922696023796	0.0040811969376261	0.987012566467896	0.00481388939146604	0.00817354414063781	0.961714134702802	0.0184597509268366	0.0198261143703609	0.83833435806579	0.0504531879036943	0.00557956265054687	0.105632891379969	0.898572225443606	0.0028618873243508	0.00149935571892312	0.0970665315131204
0.903426324243761	0.0622117028518657	0.00993120235069189	0.0244307705536808	0.888883616459287	0.0610148408912977	0.0178398412740087	0.0322617013754067	0.718348056484407	0.261034519717375	0.0177883751235131	0.00282904867470507	0.987791451680491	0.0089836610944969	0.00322488722501167	0.954489361668788	0.0156971159779643	0.029813522353248	0.826643461010538	0.0404155195880848	0.0252455691838052	0.107695450217573	0.891972835945139	0.00650298073518019	0.00155087575593518	0.0999733075637457
0.90149132077858	0.0648433365550126	0.00847441773892585	0.0251909249274812	0.87975689148348	0.0621158059758282	0.0245182515677935	0.0336090509728986	0.781530018697591	0.211089032812599	0.00278541963857369	0.0045955288512365	0.983191853970332	0.0118235839021456	0.00498456212752207	0.972901786383461	0.00768929049754334	0.0194089231189953	0.822411421641604	0.054313400433294	0.00467563745223048	0.118599540472872	0.916779568206863	0.0043352168170932	0.000136971359006946	0.0787482436170373
0.903701367747381	0.0703843426131095	0.00662329257595654	0.0192909970635525	0.886719897882062	0.0618342703685798	0.0182929834067791	0.0331528483425787	0.726427927444026	0.259664604130052	0.0129183843273255	0.000989084098597032	0.986094089770896	0.00862387625530799	0.00528203397379566	0.961053281335977	0.0205298070092795	0.018416911654743	0.831195092719906	0.0454731825952159	0.0123965151201909	0.110935209564687	0.93588934637829	0.0081397851870101	0.000962992299777444	0.0550078761349228
0.905176844729607	0.0614448069989822	0.0082929324931589	0.0250854157782523	0.896445306141207	0.0573267626061963	0.0122854227244457	0.0339425085281507	0.745997764848803	0.23848175257528	0.0151620583436045	0.000358424232311868	0.991589131142793	0.00712532936922539	0.00128553948798114	0.970293609527084	0.00481430988919892	0.0248920805837168	0.824278671949316	0.0460016478867445	0.0306666939561917	0.0990529862077478	0.896335149991023	0.0122774586668613	0.00082789610669836	0.090559495235417
0.904459722871397	0.0682767062180159	0.00646527523101086	0.0207982956795764	0.889081962126329	0.0626968016237706	0.0193219504494137	0.0288992858004864	0.727813195503527	0.267149514631929	0.0044994609803627	0.000537828884181282	0.985533914775894	0.0089781686769255	0.00548791654718031	0.956205751699944	0.0194031755242951	0.0243910727757607	0.850098728136821	0.0509619763592874	0.0109159181807344	0.0880233773231572	0.921205008267212	0.0111208802325276	0.00104051649714114	0.0666335950031194
0.89540043650364	0.0717015624231961	0.0111246918851792	0.0217733091879851	0.894348658529151	0.0576505483977682	0.0181920675596246	0.0298087255134557	0.767453402165876	0.2176142082995	0.0131719286897937	0.00176046084483001	0.985671328528583	0.00867026923985431	0.00565840223156255	0.964205892898769	0.00996750191481976	0.0258266051864117	0.801337532956584	0.0470110937709379	0.0339286513099584	0.11772272196252	0.889521786737727	0.00493864017314289	0.00288802676004431	0.102651546329086
0.889014781640381	0.0813332188130986	0.00783186121671728	0.0218201383298034	0.885878609883401	0.0670461293666235	0.0168114967711166	0.0302637639788589	0.745542125889212	0.242658161853915	0.0103071632368736	0.00149254901999924	0.988074227047836	0.0073214031131931	0.00460436983897096	0.954639289917209	0.0189060076519959	0.0264547024307946	0.824044344829485	0.0491774318859408	0.028939983623631	0.0978382396609436	0.908236011554673	0.00713376823266709	0.00155021606824436	0.0830800041444159
0.908409930919577	0.0646429449389874	0.00464880836513036	0.0222983157763052	0.898156567946006	0.0578277398851642	0.0129502033567176	0.0310654888121124	0.7351049506678	0.259890560702296	0.00402293876911265	0.000981549860791184	0.98330390891904	0.00955940480517352	0.00713668627578653	0.969758143571398	0.00690928713243853	0.0233325692961631	0.841004549838963	0.0466447165672397	0.010554421898171	0.101796311695626	0.923463532892233	6.35283838189067e-05	0.00175782243469984	0.0747151162892478
0.896027979033671	0.0682719755770311	0.0097988888978501	0.0259011564914481	0.893171722048876	0.0581062844498491	0.0191738252402065	0.0295481682610687	0.692197088803549	0.298957237131917	0.00698612463898632	0.00185954942554779	0.98999518835156	0.00627268559022757	0.00373212605821257	0.962980321195962	0.0245767259298915	0.0124429528741462	0.832137076869327	0.0524985870089406	0.0236563343861992	0.0917080017355333	0.896111509782758	0.00191503453467833	0.00249935920357574	0.0994740964789879
0.906426341089781	0.063700645717659	0.00255168099022557	0.0273213322023343	0.892987964589669	0.0588529287885988	0.016676719278881	0.031482387342851	0.694262674300421	0.292622622721239	0.012466695372128	0.000648007606211798	0.986568090693093	0.00900393621761522	0.00442797308929155	0.963304958016113	0.00892003344009088	0.0277750085437957	0.841311779409719	0.0395240436904162	0.0186275039299927	0.100536672969872	0.934343394180697	0.0170858903664814	0.00154761520261352	0.0470231002502085
0.901780946802481	0.0649278687802283	0.00928446518850931	0.0240067192287819	0.889181513729743	0.0611613371574006	0.0185600357915162	0.0310971133213403	0.726410568942958	0.253665740826249	0.0165101979633514	0.00341349226744075	0.988026264084829	0.00739291765689255	0.00458081825827898	0.962084536716065	0.0185014922062888	0.0194139710776464	0.83059391566502	0.0433407320345124	0.0230376326957424	0.103027719604726	0.904786434946721	0.00799043224395636	0.000368006621049726	0.0868551261882729
0.896970386613517	0.0695981262067645	0.00818854249858098	0.0252429446811378	0.885920159239993	0.0592419680529944	0.0235196945743018	0.0313181781327108	0.749858769837293	0.244659676276623	0.00455495356908035	0.000926600317003874	0.987588246354285	0.00719482463560866	0.00521692901010656	0.951352428401827	0.0234282458483047	0.025219325749868	0.828278357793095	0.0455172334886545	0.0238540648155197	0.102350343902731	0.909181775423209	0.0017903437307026	0.00186184827515481	0.087166032570933
0.898021817824837	0.0682036165181566	0.00880338450526012	0.0249711811517466	0.893295944349557	0.0575671788757844	0.0200112239439177	0.0291256528307413	0.701395805647936	0.283976969475378	0.0144876348985087	0.000139589978176448	0.984439322039328	0.00695201269704212	0.00860866526363019	0.970649920764967	0.00760305876587477	0.021747020469158	0.816587431860617	0.0449241223526793	0.0344104930723599	0.104077952714344	0.928430974174742	0.00973661158944835	0.00280780355590037	0.0590246106799095
0.891567219771452	0.0742383158588146	0.0123415043209952	0.0218529600487386	0.884984610394968	0.0615659736117306	0.0186167756224624	0.0348326403708392	0.730893950332884	0.25828038468743	0.00924306265798765	0.00158260232169857	0.984276902824328	0.0095070447848002	0.00621605239087169	0.96564144874015	0.0122791624714597	0.02207938878839	0.816312581744346	0.0601377721149399	0.0218917251942528	0.101657920946462	0.91567977002578	0.00959637984772706	0.00198585513689691	0.0727379949895961
0.899023233988546	0.0631900493548954	0.00830318849786176	0.0294835281586967	0.881219129758123	0.0612546308872914	0.0224247931245963	0.0351014462299895	0.721534303459503	0.260093142229738	0.0173026069354752	0.00106994737528433	0.989427609198556	0.00585087478938958	0.00472151601205442	0.959102813585267	0.0225665794685238	0.0183306069462097	0.816661485205647	0.0464334740137672	0.0241036986823476	0.112801342098238	0.904430171546768	0.0118446945378174	0.00246981969812761	0.081255314217287
0.899922354338696	0.0662212977296789	0.00285513773849024	0.0310012101931348	0.890278855160407	0.0598344685323778	0.0180736658274404	0.0318130104797753	0.705739982823015	0.274875755235106	0.0190118420259174	0.000372419915962127	0.989981742616469	0.00697813000960698	0.00304012737392399	0.955548448627084	0.0169032467262003	0.027548304646716	0.824177952786546	0.0430062292485545	0.0417027407824379	0.0911130771824615	0.920664373845797	0.00533844748985378	0.00476195002875828	0.0692352286355907
0.908668500129447	0.0595681195472074	0.00412450070312119	0.0276388796202243	0.882901884350459	0.0593918954086242	0.0212733943883623	0.0364328258525544	0.761376725354007	0.229539011093973	0.00447616418228367	0.00460809936973702	0.98600764722309	0.00793796377444396	0.00605438900246615	0.96486847771631	0.0145332651558216	0.0205982571278683	0.827384882975165	0.047874173110573	0.0364352836188691	0.0883056602953932	0.895795469666417	0.0134961725996557	0.00551949039319646	0.0851888673407309
0.907393469787625	0.0610842262745047	0.00454804250547003	0.0269742614323999	0.893332786940061	0.0553389656693421	0.021660708237911	0.0296675391526858	0.690280643489119	0.296830138979628	0.00993731464125213	0.00295190289000129	0.977314874742675	0.00970929626520221	0.012975828992123	0.960278797485836	0.013336244475519	0.0263849580386454	0.823407625498331	0.055340125578209	0.0127281368628316	0.108524112060628	0.916799674710148	0.00975234380584082	0.0031942473235731	0.0702537341604378
0.900790087970315	0.0624591605066746	0.0121137901578094	0.0246369613652013	0.882247448550062	0.0647622642561729	0.0218153022642639	0.0311749849295014	0.747421278776628	0.22070316578502	0.0239914310640437	0.00788412437430897	0.992617839098178	0.00231760389781368	0.00506455700400775	0.968191730522847	0.00255282931086487	0.0292554401662881	0.836592159218663	0.0377699256009426	0.0269657759919831	0.0986721391884115	0.916632821628283	0.00270852924377979	0.00254320041013135	0.0781154487178054
0.89725124360219	0.0728304827164151	0.00557724300924447	0.0243410306721507	0.895446320533013	0.0605995907391443	0.0137038934842257	0.0302501952436171	0.745134265461347	0.234936835805958	0.0164967234458685	0.00343217528682581	0.985806061254604	0.0122370615255113	0.00195687721988499	0.96284908307305	0.0111662406673397	0.0259846762596106	0.820791633395808	0.0546922858236738	0.0330712525527884	0.0914448282277303	0.911175961939322	0.00278902608328335	0.00168598649384725	0.0843490254835473
0.891940091910089	0.070201657936678	0.00988758041259923	0.0279706697406335	0.88994638804434	0.0585519805618262	0.0244951363225376	0.0270064950712957	0.736844648117873	0.235262450475209	0.0251264957441672	0.00276640566275112	0.982420536272147	0.0113506759853794	0.00622878774247327	0.980121189124859	0.00462006938735934	0.0152587414877819	0.851339425896096	0.0481393995516223	0.00880800940259841	0.0917131651496837	0.908356187757786	0.00399560146978913	0.00139175427015551	0.0862564565022692
0.898810236732979	0.0629232825850316	0.00708630236991395	0.0311801783120758	0.877781185586918	0.0652684674683505	0.01919299890175	0.0377573480429814	0.771369348343104	0.216037183239898	0.00894413745383891	0.00364933096315942	0.98680804081072	0.0122491824287434	0.000942776760536778	0.960016835170276	0.0139713791272653	0.0260117857024583	0.82428056383825	0.0450654364830146	0.0365689650718632	0.0940850346068718	0.962018022204585	0.00448422286521407	0.00176140317678022	0.0317363517534211
0.89721858603154	0.0650289287133541	0.00909261193384703	0.0286598733212587	0.894307215355688	0.0575346352052427	0.0236126507361537	0.0245454987029153	0.707934180348263	0.285489046790992	0.00316388915201809	0.00341288370872644	0.990010080277816	0.00706764234828591	0.00292227737389796	0.965600986487891	0.0095252314044662	0.0248737821076427	0.837582155844818	0.0502402265234539	0.00913030229265979	0.103047315339068	0.909885077375314	0.0118849842378027	0.000888859849032897	0.0773410785378504
0.90966606536881	0.0618390940975644	0.00276782484282448	0.0257270156908014	0.884441021728761	0.0675805068139095	0.0165458122643516	0.0314326591929776	0.733651992165194	0.254887139080289	0.010857567450484	0.000603301304033373	0.977971387284205	0.00950522630353739	0.0125233864122573	0.959658305505013	0.0153503599408962	0.0249913345540907	0.843209159462644	0.0456669060634475	0.0180902757651638	0.093033658708745	0.885544600394212	0.00810520817997904	0.00312578492787143	0.103224406497938
0.908744409282084	0.0602180664839125	0.0100378660104291	0.0209996582235742	0.900602521022356	0.0550116825359603	0.0152849894172211	0.029100807024462	0.751242859254902	0.241171149080956	0.00461098587486054	0.00297500578928079	0.982232901324366	0.00967852222159362	0.00808857645404068	0.966312104123028	0.0112641682789666	0.0224237275980057	0.84779023650669	0.0486428464860689	0.00629480320902785	0.0972721137982132	0.905564528745517	0.00575188329911501	0.0015296901998644	0.0871538977555033
0.897757855447841	0.0701253814217318	0.00680443913031755	0.0253123240001099	0.892490243995286	0.0617510438599534	0.0173224432877472	0.0284362688570137	0.63366147783862	0.335407237112456	0.0258394162140295	0.00509186883489519	0.991299284885563	0.00514296843687205	0.00355774667756447	0.951271136473576	0.0216253334457481	0.0271035300806756	0.854935325639631	0.0417945601558393	0.00613694475411602	0.0971331694504134	0.900249277758018	0.0106980998982973	0.000902508583301166	0.0881501137603832
0.896377343005704	0.0681718936667415	0.00763112630466424	0.0278196370228907	0.897062824465585	0.0592451730416066	0.0166332580170434	0.0270587444757647	0.748613929545544	0.238933822762593	0.0121207101892643	0.000331537502598224	0.987749057714526	0.00699064066411324	0.00526030162136056	0.973908623633645	0.00271116490269676	0.023380211463658	0.833376475353542	0.0507334618421634	0.0205711587131372	0.0953189040911579	0.916511399667915	0.00099592063735879	0.00341268165004153	0.0790799980446848
0.887992701955533	0.0728157391398947	0.00993405515290063	0.029257503751672	0.890975798119479	0.0587572059746136	0.0190860871247361	0.0311809087811714	0.732812645904512	0.260383331754083	0.00446429778153411	0.00233972455987114	0.99366054308098	0.00285361738395921	0.00348583953506056	0.964638554405768	0.0149836851314	0.0203777604628324	0.818063388882358	0.0439462996175644	0.0274261147617221	0.110564196738356	0.930825105542558	0.00695848818602244	0.00061113702177751	0.0616052692496423
0.908065656502283	0.0633855279765875	0.00992130021161709	0.0186275153095128	0.886484746096987	0.062550287968595	0.0224677529549898	0.0284972129794288	0.7284248170638	0.260678804372545	0.00548322117762018	0.00541315738603563	0.98132023681605	0.0128784294799896	0.00580133370396009	0.960227234717145	0.0136097566388009	0.0261630086440543	0.851266580363444	0.0409795335973285	0.0145988552775547	0.0931550307616725	0.893458474096526	0.0181727697966045	0.00271237149200702	0.0856563846148626
0.898292701886153	0.0664632769798413	0.00720742362087169	0.0280365975131343	0.896384012283373	0.0612936380748111	0.0138843056556188	0.0284380439861968	0.763354860762297	0.228475515246476	0.00597410759557131	0.00219551639565648	0.986323796393865	0.0079039834432616	0.00577222016287346	0.951383941796207	0.0173793838372377	0.0312366743665552	0.807343614807975	0.0404166667991535	0.0376076634913226	0.114632054901549	0.958644301452681	0.0027890559280218	0.000601753652095627	0.0379648889672018
0.894237931584129	0.0710338517625373	0.012144734348469	0.0225834823048644	0.882213939637678	0.0600060370240261	0.0207129576455717	0.0370670656927235	0.67448333430323	0.294977238451869	0.0217814977854939	0.00875792945940645	0.985815370765862	0.0127923379224261	0.00139229131171173	0.967002353712703	0.00479307000966485	0.0282045762776324	0.829053435629926	0.04890269556392	0.0178504828719482	0.104193385934206	0.919802898806071	0.0101170920090158	0.00247600564104829	0.0676040035438647
0.902219467622261	0.069124728490498	0.00810292221491667	0.0205528816723244	0.891706223207591	0.0623769467087862	0.0179912678635751	0.0279255622200479	0.757402324420754	0.231038009372373	0.00697527306238891	0.00458439314448488	0.986070486705409	0.00571455424664229	0.00821495904794916	0.952641927837414	0.0203911685652679	0.0269669035973178	0.85680382816128	0.0415219569289664	0.00437322383855088	0.0973009910712024	0.885803327168971	0.00698959913239175	0.00207583925396687	0.105131234444671
0.90789615190476	0.0626152734890337	0.00758653869715747	0.0219020359090493	0.897248225840886	0.0580608196866205	0.01619480999297	0.0284961444795237	0.652062961376779	0.326048076954516	0.0187034273008146	0.00318553436789069	0.991918268254529	0.00552859423710842	0.00255313750836294	0.954852718134356	0.0194177930556144	0.02572948881003	0.823380328744445	0.0435241225492162	0.0299137748812369	0.103181773825102	0.910318858062171	0.0140481642331451	0.000849741565912642	0.0747832361387715
0.896499818155273	0.0727601128503946	0.00485661259678493	0.0258834563975477	0.884834099558536	0.0608408102473311	0.0218441200987256	0.0324809700954068	0.74032647520854	0.235030613963763	0.0223025429356424	0.00234036789205433	0.98008940675855	0.0130054053495947	0.00690518789185573	0.9618777796445	0.0146707606139547	0.0234514597415452	0.834317414591746	0.0416653376805763	0.0195864937455809	0.104430753982097	0.92988464549123	0.00835704655365911	0.000699762152954112	0.0610585458021564
0.902895291857889	0.0634075510354203	0.00753044061366111	0.0261667164930302	0.890632356624806	0.0576208172917529	0.0218113592735073	0.0299354668099334	0.692990213690255	0.29003301223565	0.0166497338621008	0.000327040211995039	0.988416127388843	0.0034648442228313	0.00811902838832603	0.95918637859412	0.0138506715376828	0.0269629498681969	0.842723361153311	0.0430065590858083	0.00273826572911779	0.111531814031763	0.910992842676608	0.0111239668507078	0.00234391851124351	0.0755392719614404
0.900268557039128	0.0714009345017636	0.00808123908386462	0.0202492693752437	0.880997352821153	0.0604183478779169	0.0211046316325274	0.037479667668403	0.759502622432487	0.23392088765809	0.0050457085708013	0.00153078133862179	0.986207055684847	0.00843689812256331	0.00535604619258953	0.970901047194198	0.00796438528597057	0.0211345675198311	0.796085393377341	0.0540402055465038	0.0295634332254193	0.120310967850736	0.899321610671749	0.0121523531553692	0.00151764896151209	0.0870083872113698
0.897864759626309	0.0700668568180184	0.00656159548427552	0.025506788071397	0.893319769960906	0.0539002664295482	0.0251689982403323	0.0276109653692136	0.703590776632844	0.280557398276771	0.00849922016011801	0.0073526049302664	0.98627669986435	0.0120250383273301	0.00169826180832006	0.950437184406333	0.0238743277388393	0.0256884878548283	0.852157610178684	0.0409286490798835	0.0055228559762941	0.101390884765139	0.8908674733838	0.00207251197206378	0.00239496877198523	0.104665045872151
0.900959584363131	0.0729934954850135	0.00289284180364671	0.0231540783482092	0.888180984910818	0.0587012087694789	0.023793871303044	0.0293239350166587	0.69847278818708	0.281065886696043	0.0155303153404555	0.004931009776421	0.988682972551655	0.0111947061354586	0.000122321312886001	0.963966366019895	0.0166919679232679	0.0193416660568365	0.826491078786991	0.0406613440470008	0.0372238305045085	0.0956237466615	0.918071130737132	0.00927232344661892	0.000626007026066833	0.0720305387901823
0.888843764326102	0.0738739575234496	0.00820303278559962	0.0290792453648484	0.887223867912293	0.0604863184332949	0.0219671554218314	0.0303226582325811	0.778173833059113	0.214653968140512	0.00574682190287689	0.00142537689749841	0.98243241967141	0.00646233847202252	0.0111052418565674	0.961627509354213	0.0144791256545958	0.0238933649911915	0.821107193381839	0.0476533727530861	0.0289493749510992	0.102290058913976	0.892349639046651	0.0157913983410976	0.000175667900603776	0.0916832947116481
0.900452389541111	0.0606071199526972	0.0104159857864595	0.0285245047197322	0.889747536570669	0.0589170723214369	0.0220360361074603	0.0292993550004341	0.685985789523186	0.299383330644624	0.0103635106965464	0.00426736913564436	0.984058575888859	0.00754582960740278	0.00839559450373859	0.961045440048366	0.0116336595827889	0.0273209003688447	0.835307358888819	0.0472490401515093	0.0174297584646659	0.100013842495006	0.877947736045055	0.0129320081974026	0.00131513286937496	0.107805122888168
0.892007912439006	0.0740032318591453	0.00484242033761347	0.0291464353642354	0.894150954857097	0.0594184370272812	0.012859077056036	0.0335715310595854	0.693133185357199	0.294253388152058	0.0100150828089888	0.00259834368175458	0.98731205347515	0.0095765734951027	0.0031113730297469	0.954581206739976	0.0197385476383154	0.0256802456217082	0.819542843894021	0.0540406613239064	0.0147370799228268	0.111679414859246	0.908508257471581	0.0238249219890798	0.000174282787452309	0.0674925377518871
0.900236745117652	0.072307480832278	0.00705372576612596	0.0204020482839437	0.889951234513296	0.0561871521544861	0.0200926050952231	0.0337690082369952	0.65668981291805	0.332692923612603	0.00977813411210095	0.000839129357245836	0.982807147534491	0.00933814798777823	0.00785470447773093	0.959839517766415	0.00838523417169511	0.0317752480618903	0.839901332156487	0.0456897868973382	0.0253593314330602	0.0890495495131144	0.915489859684652	0.00870912124568946	0.0031082544490194	0.0726927646206391
0.898907116367848	0.0674006301094049	0.00804188739596532	0.0256503661267823	0.894301696692453	0.0606082101202936	0.0179805819289193	0.0271095112583343	0.806627138765178	0.182893328828827	0.0101711464653131	0.000308385940681724	0.98856132031802	0.00525858141973556	0.00618009826224444	0.961626362901971	0.0167447279163285	0.0216289091817007	0.81518871706525	0.0442682430802382	0.0397970876423796	0.100745952212132	0.915010237777972	0.0138360929934195	0.000146360426764009	0.0710073088018445
0.902649338850641	0.0652131998950709	0.0059297139678054	0.0262077472864827	0.886469087266841	0.0652005113482659	0.017990040415321	0.0303403609695716	0.685970460595354	0.300003364617777	0.0123615574794886	0.0016646173073808	0.982112808008938	0.0128747902233517	0.0050124017677098	0.954276404202015	0.0137583338386101	0.0319652619593754	0.83401487965847	0.0389060890187702	0.0150331433726505	0.112045887950109	0.959537620768514	0.00605297347489359	0.000941662837443187	0.0334677429191494
0.899773760903006	0.0668631960331803	0.00947520463235045	0.0238878384314629	0.894600706981938	0.0626072478491044	0.0150734827251572	0.0277185624438008	0.72452147436911	0.261731799347651	0.0111690632386238	0.00257766304461623	0.994324602615256	0.00106764358005417	0.00460775380469014	0.971103291386004	0.0031178639500959	0.0257788446639003	0.842031309800428	0.0516212174318347	0.00593252019745652	0.100414952570281	0.94232782890718	0.00987579378581256	0.000968709914624266	0.0468276673923827
0.893326425779354	0.0701802318677194	0.00737145915919475	0.0291218831937316	0.897095737485205	0.0532631547743519	0.0206507141661029	0.0289903935743404	0.720374118306096	0.269320711208173	0.00937541848615446	0.000929751999576544	0.983162805856346	0.0102381479924697	0.00659904615118419	0.956283100868481	0.0116555021574511	0.0320613969740678	0.847905680238174	0.052248226579896	0.00988074095792784	0.0899653522240018	0.915235094585477	0.00462490156584149	0.000629379105605809	0.0795106247430757
0.903298727302678	0.061094972522446	0.0117828649192271	0.0238234352556489	0.902463090726124	0.0556633546282537	0.0162485880447949	0.0256249666008277	0.69256996141776	0.283259249601484	0.0241115407026746	5.92482780818738e-05	0.985982782655698	0.0091127284254617	0.00490448891884036	0.955578498571239	0.0216445876772955	0.0227769137514658	0.829908298271191	0.044289413305743	0.00647230523753356	0.119329983185533	0.907197156259082	0.0190381042787134	0.000852485646328358	0.0729122538158756
0.909774093613193	0.0584379546900124	0.0087899822682463	0.0229979694285482	0.895032625923963	0.0563447761323689	0.0166330985766188	0.0319894993670495	0.746456859078841	0.24067457201115	0.0111418799224762	0.00172668898753295	0.986633634531942	0.00706171279093594	0.00630465267712264	0.97221884673393	0.00823569468058341	0.0195454585854863	0.797801844292355	0.0472954353316362	0.0374792759919378	0.117423444384071	0.904907878963768	0.00868757717245065	0.00489182589804121	0.0815127179657402
0.901024528760118	0.0639592792825161	0.0101697080147237	0.0248464839426419	0.88327181977298	0.0606761777125356	0.0248788411730097	0.031173161341475	0.721555979170886	0.275684962660491	0.00204980367474818	0.000709254493874872	0.980909854908962	0.010106506163576	0.00898363892746245	0.952969019777111	0.0203090266405442	0.0267219535823451	0.818238135753171	0.0455484589270341	0.0198886289784388	0.116324776341356	0.935350554279896	0.000167459848129963	0.0011240276369956	0.063357958234978
0.907732022165564	0.059089014183199	0.00749626006306014	0.025682703588177	0.899151826861539	0.0569654229282214	0.0152864637163596	0.02859628649388	0.677443549370432	0.306961321851661	0.0149699511610992	0.000625177616807415	0.986957364462216	0.00701596908097865	0.00602666645680515	0.952486979531297	0.0136273481455109	0.033885672323192	0.828721597722069	0.0549634633349425	0.0143057519073363	0.102009187035652	0.904256377955469	0.0208601637497896	0.00197216243856054	0.0729112958561807
0.900693997215888	0.0708475215843371	0.00703619769031319	0.0214222835094619	0.893325462702564	0.0548039488664849	0.0190170547534078	0.0328535336775437	0.712916522342399	0.276301896244793	0.00755318523809288	0.00322839617471575	0.98900885554648	0.00939752234036931	0.00159362211315034	0.966157287336517	0.0106257586724463	0.0232169539910371	0.829927407060255	0.0585797536902749	0.0056955892462198	0.10579725000325	0.919805540710198	0.00300251353533229	0.00228816639901207	0.0749037793554574
0.905910605032971	0.0599027135617548	0.00895712986654803	0.0252295515387265	0.881699453077297	0.0622847450082425	0.0228093174163599	0.0332064844981007	0.716176271566038	0.249388836684364	0.031230313117215	0.0032045786323836	0.991670610459274	0.000983133844079105	0.00734625569664713	0.97281877681085	0.00873844407146404	0.0184427791176856	0.813679884573584	0.0447878805875732	0.0317751474438932	0.10975708739495	0.908975701266289	0.00977305818781679	0.00133200938565514	0.0799192311602394
0.899868716020107	0.07417351183178	0.00440829844210558	0.0215494737060075	0.886673337863907	0.057885497713322	0.0229381421090642	0.0325030223137066	0.705018403615129	0.280304297371045	0.0129056221653049	0.00177167684852102	0.980130829745456	0.0150982303438882	0.00477093991065633	0.965514016465417	0.007867222438382	0.0266187610962007	0.825999066444788	0.0484695173783187	0.0228893242359699	0.102642091940924	0.896459702460626	0.00803736478835045	0.0037339043199676	0.0917690284310555
0.897162167829125	0.0698975090405654	0.00838210578306881	0.024558217347241	0.88420238296166	0.0644527604066746	0.0188622595480326	0.0324825970836328	0.703851693425849	0.291168644960573	0.00466803156028401	0.000311630053293564	0.991655676937797	0.00633440083728556	0.00200992222491717	0.946192414666572	0.0297401755944865	0.0240674097389419	0.806533556898545	0.0418021778168071	0.0446868300575604	0.106977435227088	0.898234258665021	0.00311974875594079	0.0019347180258088	0.0967112745532295
0.897070738741544	0.0714288281934517	0.0114985569598536	0.0200018761051507	0.890932820531199	0.054772563595838	0.0192317677573657	0.0350628481155969	0.736225606394301	0.256646595007525	0.00407396524158163	0.00305383335659231	0.988758891084477	0.00965093496985112	0.00159017394567206	0.969999386930899	0.0120468306231874	0.0179537824459135	0.821582507121304	0.0539868188070165	0.0424227764054161	0.0820078976662631	0.904427177097558	0.0143552008317271	0.00259696210029168	0.0786206599704228
0.901479434171711	0.0660889476149481	0.0047574008225657	0.0276742173907754	0.885028380172452	0.0624032543810025	0.0212699496470863	0.0312984157994588	0.750660707297984	0.230879302793173	0.0136796612827524	0.00478032862609069	0.986241874448897	0.0128620495301239	0.000896076020979309	0.970267639713696	0.0126860925139462	0.017046267772358	0.835731054263718	0.0444824286535311	0.00789152197674478	0.111894995106006	0.89084157829646	0.0123319678929806	0.00293630386095079	0.0938901499496088
0.901731683040553	0.0680349464699721	0.00315278027434946	0.0270805902151256	0.886758423574311	0.0621956067619281	0.0213080759250169	0.0297378937387445	0.736208903543088	0.249974247410314	0.0114281777151396	0.0023886713314583	0.989705791233799	0.00989321987659636	0.000400988889604803	0.970957849050895	0.00692310193421911	0.0221190490148857	0.831162601998176	0.0342893715524789	0.0254350242479179	0.109113002201427	0.902708894770085	0.00644313360050129	0.0027743039965102	0.0880736676329035
0.906796984167778	0.0655134117032931	0.00959767911675141	0.0180919250121774	0.88846869715044	0.0599168911889343	0.0158642629051213	0.0357501487555045	0.671906948711385	0.301158421397658	0.0258731105792068	0.00106151931175053	0.996949898907467	0.00121102284637791	0.00183907824615548	0.960524153763153	0.0181533478482211	0.0213224983886261	0.805583614281866	0.0441070364119558	0.027171209998852	0.123138139307326	0.921943137547536	0.00158705097570741	0.000405573152992748	0.0760642383237635
0.893799718651873	0.0736719872987211	0.00795441924851106	0.0245738748008944	0.888773982673965	0.0576166877533676	0.0220358729966262	0.0315734565760409	0.739456453691364	0.244990478510015	0.0093462790089698	0.00620678878965133	0.980963382534517	0.0125591179045849	0.00647749956089816	0.97055599454748	0.0091050267694823	0.0203389786830375	0.811883074941851	0.0464303335360884	0.0318524833838873	0.109834108138173	0.900343683926066	0.00757669102518838	0.00119444406001653	0.0908851809887289
0.899836473717138	0.0708133297965097	0.0114491278595248	0.0179010686268275	0.885362833381303	0.0562965107502573	0.0228071792518272	0.035533476616613	0.80246893586855	0.183219162595436	0.0127541147069363	0.0015577868290771	0.993517928262642	0.00566198610005226	0.000820085637305339	0.949972159701522	0.0235055896439606	0.0265222506545178	0.816887888810169	0.0586125766288837	0.0389402014479191	0.0855593331130283	0.918187039133264	0.0106608665817213	0.000127241493548708	0.071024852791466
0.899470158355362	0.0720916512135476	0.0081380478313377	0.0203001425997523	0.888685599889048	0.058706598429966	0.0163512246764006	0.0362565770045856	0.750775004756982	0.242669967181171	0.00104342717912767	0.00551160088271988	0.991546661176961	0.00515720579364181	0.00329613302939714	0.967981916314346	0.0148827382002433	0.0171353454854111	0.820376257692568	0.0411045754654058	0.0331842300415693	0.105334936800457	0.954278144351071	0.0105265682884105	0.000423555656947158	0.034771731703571
0.904602075570829	0.0657036223865559	0.00744613610379646	0.0222481659388191	0.894927896965533	0.0576399487563191	0.0115520155212155	0.0358801387569321	0.749774548175364	0.227466709791271	0.0222681563882073	0.000490585645158082	0.985345658336394	0.00474784237027701	0.00990649929332866	0.968297316305212	0.0125749943588567	0.0191276893359317	0.818474352520111	0.0509842624732423	0.0179722040005651	0.112569181006082	0.908514853629784	0.00814110690319084	0.00379841534371901	0.0795456241233057
0.893884468063909	0.0726154942036756	0.0132036141659485	0.0202964235664671	0.891140374512332	0.0614681996125632	0.01670238418858	0.0306890416865246	0.72749225423706	0.255611175039266	0.0158537856118763	0.00104278511179835	0.983618667197629	0.00794854351157779	0.00843278929079268	0.964092392522555	0.0106063176929505	0.0253012897844941	0.829149792135211	0.0556333360606308	0.00329778525948501	0.111919086544674	0.902717581991012	0.0127869257846928	0.000524221036700262	0.0839712711875948
0.902929095250228	0.068090139789502	0.00607728754151929	0.0229034774187508	0.886380430602159	0.0639198288598569	0.0175767475478349	0.0321229929901485	0.691296405554311	0.300914662718171	0.00552362838606513	0.00226530334145287	0.99014068152623	0.00552087815048373	0.00433844032328651	0.972652852064133	0.0103718109824511	0.0169753369534161	0.834282664951529	0.0416272242435713	0.0234548163233942	0.100635294481506	0.910259230075518	0.00117520761342703	0.00131652734132621	0.0872490349697288
0.909047609679023	0.0666649948824115	0.00587401446523438	0.0184133809733309	0.890872241283943	0.0540151300414746	0.0243342039407159	0.0307784247338664	0.693820704272881	0.290935745658683	0.013929271315919	0.00131427875251665	0.985930215012713	0.00829179972449515	0.00577798526279204	0.950051991234484	0.0220161012192694	0.0279319075462466	0.857164420332828	0.0430333318597138	0.0138033084170657	0.0859989393903921	0.884312069585003	0.0124206386057589	0.0010136855293141	0.102253606279924
0.901793874085516	0.0630640409719436	0.0078707990796661	0.0272712858628746	0.886740176889167	0.0565606461221257	0.0254249323236976	0.0312742446650098	0.710217200497818	0.27629639411569	0.0118329493708868	0.00165345601560582	0.978392742424865	0.0103227190494138	0.0112845385257209	0.969242921595855	0.00698694348482834	0.0237701349193165	0.831901261557781	0.0458793389923908	0.00925662763467367	0.112962771815154	0.926825727522461	0.00726290687440372	0.00347074597852262	0.0624406196246131
0.89737583938144	0.0695397888258486	0.00880608279599099	0.0242782889967207	0.886905776721705	0.0630757136491371	0.0195609826634319	0.0304575269657265	0.706711560506252	0.261450503615755	0.0294018864227149	0.00243604945527891	0.993758511599034	0.00428215172523062	0.00195933667573482	0.963242096190394	0.0107684176382425	0.0259894861713632	0.851454837797693	0.0369708197467013	0.000343158407384091	0.111231184048221	0.915421113610494	0.00141400986865991	0.00137093978605613	0.0817939367347894
0.894777489663119	0.0691533151652567	0.0106589328709443	0.0254102623006794	0.882542054942676	0.0596350315154903	0.019775061646835	0.0380478518949987	0.751373674840282	0.216974154279293	0.0297707805881389	0.00188139029228597	0.980895556953942	0.00692167059120051	0.0121827724548574	0.969556285243138	0.00813591688050583	0.0223077978763561	0.832191474362986	0.0527566233151008	0.00180531569966896	0.113246586622245	0.892835852547321	0.000442351232583291	0.00193445351811558	0.10478734270198
0.893640742490598	0.0738802669628078	0.00527849127294063	0.0272004992736536	0.893247683729913	0.0547323606620339	0.0255050399007632	0.0265149157072895	0.796832487500379	0.195215516126693	0.00439462255723107	0.00355737381569682	0.986071359113962	0.0110619229812332	0.00286671790480487	0.955708728056327	0.0155151450354808	0.0287761269081925	0.823030665311799	0.0586608548279246	0.0291429849754383	0.0891654948848381	0.887729310875558	0.00342997439969323	0.000393759582995249	0.108446955141753
0.898415776071787	0.0742270890914806	0.00435490262687694	0.0230022322098556	0.890312266236211	0.0599915394947099	0.0201097295680692	0.0295864647010097	0.818491232265028	0.167694164749608	0.0076000679132398	0.00621453507212434	0.988336965308237	0.00175445068340774	0.00990858400835508	0.961184642035401	0.0130976138362097	0.0257177441283897	0.814755972441896	0.0597249164448747	0.0196635545444841	0.105855556568745	0.915564521073004	0.0191960026055374	0.00508254632064292	0.0601569300008158
0.893218143876943	0.0721005048271174	0.00857959222536649	0.026101759070573	0.888870715681578	0.0555103287518452	0.0204972111090199	0.0351217444575566	0.728886466733159	0.26102193019217	0.00627717930895771	0.00381442376571349	0.981593868774496	0.0131722162032552	0.00523391502224869	0.974858388500215	0.00745897777704812	0.0176826337227369	0.846727027446801	0.0442354310111374	0.0221172176910183	0.0869203238510437	0.933521507078539	0.00318758493143866	0.00339717226355799	0.0598937357264642
0.896602392580172	0.0701581136170024	0.00818722376272997	0.025052270040096	0.889833615311437	0.0567705650318094	0.0203771327381048	0.0330186869186489	0.716368444080923	0.2580972371621	0.025523772071426	1.05466855517733e-05	0.98841265778956	0.00830402985160317	0.00328331235883662	0.970547257736782	0.0052834019241012	0.0241693403391169	0.852056251810693	0.0411791904241869	0.0148507040287881	0.0919138537363321	0.890123483467123	0.00894892706458716	0.00566972322764254	0.0952578662406473
0.900781884313341	0.067517350624196	0.00847911503761108	0.0232216500248521	0.887692508299824	0.0610077858211953	0.0210135962069582	0.0302861096720229	0.733319089763672	0.263950578960512	0.00179055107350341	0.000939780202312643	0.984329522594777	0.00439638214247675	0.0112740952627464	0.950042359696168	0.0227551188943111	0.0272025214095211	0.839182427811335	0.0459644800134762	0.0014769374229274	0.113376154752261	0.923743998471878	0.00363313955206831	0.00328575431625005	0.0693371076598035
0.887250105232654	0.0742906207470314	0.0111899343813434	0.0272693396389713	0.886460171120849	0.0569948811326519	0.022670314719389	0.0338746330271101	0.742791351204612	0.245599102310449	0.0097860400614867	0.00182350642345192	0.980407097602866	0.0127876515765817	0.00680525082055263	0.95496993629125	0.0266014929417091	0.0184285707670409	0.836515422586778	0.0482758340546294	0.00640707236612807	0.108801670992465	0.912910371485765	0.0101556948295304	0.00327443832786423	0.0736594953568399
0.890873059174854	0.0698033785515934	0.014738693580826	0.024584868692727	0.88578946613377	0.0558666909442917	0.0256116582420146	0.0327321846799239	0.770279749551827	0.217786336741043	0.00658729129833928	0.00534662240879047	0.985969149305589	0.0112985112065302	0.00273233948788068	0.953373085458843	0.019195049907374	0.0274318646337832	0.806333634469291	0.0421748605156865	0.0325375098314161	0.118953995183607	0.907278957866177	0.00507765612703723	0.000211364334934628	0.0874320216718511
0.910656571022527	0.0638377193917176	0.00544094862849739	0.0200647609572578	0.889877916279262	0.0570427313318119	0.0208868015253792	0.0321925508635464	0.73425816797525	0.254368848474356	0.00993099521684181	0.00144198833355198	0.990592216952953	0.00533810093854789	0.00406968210849935	0.976184805294483	0.00578511847355641	0.0180300762319607	0.824513162750357	0.0528715603128049	0.0122731028406262	0.110342174096212	0.921316152101767	0.00496006932085876	0.00107467088230345	0.0726491076950714
0.902675827009916	0.0719015949657352	0.00637492156890877	0.0190476564554399	0.891142146515654	0.0629562542546781	0.0162589609304964	0.0296426382991715	0.723599013663964	0.257961828693276	0.0182018546559507	0.000237302986808595	0.981275894165991	0.0122769353476271	0.00644717048638141	0.973075452639111	0.00540874500415686	0.0215158023567325	0.809601372292243	0.0487803284260764	0.0320896357400802	0.1095286635416	0.907462743728052	0.00707392608521033	0.00159568550779869	0.0838676446789391
0.903832948155306	0.0597819604915428	0.0123996139218117	0.0239854774313394	0.889658575797255	0.0583291604455762	0.0198840482723289	0.0321282154848394	0.721089272006528	0.262328524519843	0.0141762775642098	0.00240592590941907	0.98529535642342	0.0101190341239738	0.00458560945260588	0.967334239827933	0.00525801597730617	0.0274077441947611	0.832576323859704	0.0523768209048151	0.00263120563804451	0.112415649597436	0.918761598743667	0.00709238580484444	0.000196212121644896	0.0739498033298439
0.895721331052166	0.0737117514162055	0.0100210652641291	0.0205458522674991	0.886513118065565	0.0631137864159978	0.0160342696689447	0.0343388258494923	0.682801440212494	0.303349067510773	0.0117219194486505	0.00212757282808142	0.992309826045569	0.00487848579165143	0.00281168816277961	0.957108051228316	0.0184539426639834	0.0244380061077007	0.820641182038787	0.0506666116171046	0.00572996981824372	0.122962236525865	0.880785390256426	0.014322848259482	0.000313680366818744	0.104578081117274
0.889844368336397	0.0713310612099761	0.00961824790004412	0.0292063225535827	0.892743125168977	0.0551204759082474	0.0152023810381528	0.0369340178846227	0.700137407085837	0.285668587170571	0.0137120228793534	0.000481982864238221	0.987031097400476	0.00697894931006005	0.00598995328946383	0.950607465927869	0.0314724091162844	0.0179201249558466	0.819796060061451	0.0496769049090776	0.0152980478177025	0.115228987211769	0.8849178614322	0.0066452875470605	0.00471988037054688	0.103716970650192
0.89444665529766	0.0710946801371262	0.00950163352235945	0.0249570310428548	0.89972136927962	0.0566600744241089	0.0143210034358258	0.0292975528604453	0.730822926495773	0.238879980303811	0.0274528257623085	0.00284426743810766	0.987619030535838	0.00561953353176826	0.00676143593239382	0.969274664281953	0.00536764608550771	0.0253576896325398	0.813508090016069	0.044429506126251	0.0280607746801355	0.114001629177544	0.899320428527284	0.00575821749632857	0.00680562872359398	0.0881157252527933
0.890444147533685	0.0712090704125533	0.00967010797065903	0.0286766740831025	0.898473317100794	0.055016866211275	0.0178525887498551	0.0286572279380756	0.742812782647382	0.248925904975457	0.00733270931140298	0.000928603065758721	0.990830238908995	0.00628856888521858	0.00288119220578607	0.959481587693077	0.0215771716753763	0.018941240631547	0.831843990892502	0.0282883320729577	0.0357680303353361	0.104099646699204	0.903430868322628	0.000377481648806131	0.00310884271245205	0.0930828073161141
0.900859940352327	0.0677906993420294	0.00808128851344087	0.0232680717922027	0.891306363913734	0.0574915680575602	0.0162766411207597	0.0349254269079456	0.725887839925237	0.259639806362431	0.00935261466901494	0.00511973904331677	0.994196020688565	0.000695682011707228	0.00510829729972804	0.975271719629201	0.00188363241875051	0.0228446479520486	0.813916612210904	0.0540016545255176	0.00974844042186861	0.122333292841709	0.919797241683723	0.0124479367724366	0.000823871687435201	0.0669309498564053
0.897278584722355	0.0696369383424036	0.0100080207247403	0.0230764562105009	0.884398568495177	0.0581762738602019	0.0262459904926517	0.0311791671519696	0.773087797659245	0.202210482970463	0.0215010185770619	0.00320070079323008	0.987826571488035	0.00938235852918058	0.00279106998278449	0.971901708443413	0.00949156053108729	0.0186067310254995	0.829701000657189	0.0525400562790969	0.0177235639736629	0.100035379090051	0.930406848617839	0.00211261463562698	0.000113523242764999	0.0673670135037694
0.897467974478918	0.0781766097165917	0.00539597664383573	0.0189594391606541	0.893235698530046	0.0586774745812932	0.0227333151379923	0.0253535117506687	0.733185060739003	0.229678655756386	0.0272091260158651	0.00992715748874655	0.984495784628635	0.0131064976050277	0.00239771776633694	0.961199032049642	0.0108161474825826	0.0279848204677757	0.846581960633676	0.0501725748749931	0.0118793675045931	0.0913660969867376	0.900512097894931	0.0110090691438721	0.00319106865669778	0.0852877643044986
0.902162850179498	0.0666545172581598	0.0064920977662069	0.0246905347961353	0.905912982962675	0.0535368690901987	0.0140351271114423	0.0265150208356839	0.756679603461554	0.212675594170213	0.030274764007433	0.000370038360800291	0.982486197065709	0.0130412288592009	0.00447257407508973	0.936387609341757	0.0334265210682133	0.0301858695900299	0.861138028271161	0.0397158818135894	0.00973148730970106	0.0894146026055483	0.902067330921149	0.0161659708501909	0.00251243163672132	0.0792542665919386
