0.860437381066656	0.0777956878264923	0.0233797047037588	0.0383872264030932	0.894209866754816	0.0550643034114781	0.0206946545327432	0.0300311753009632	0.692708070352477	0.286655722167325	0.0174065697708405	0.00322963770935765	0.942099529264632	0.0175399115322816	0.040360559203086	0.980182968033535	0.00346538995259026	0.016351642013875	0.827478249794259	0.0201513693463527	0.00619201757121781	0.146178363288171	0.906614186481415	0.0100273422693199	0.00519700635486287	0.0781614648944022
0.851445020901386	0.0737765784868019	0.0311050555370682	0.0436733450747441	0.890589010513459	0.0593031591057125	0.0166323037060551	0.0334755266747731	0.735184448893409	0.249275947868807	0.0129277918616211	0.00261181137616281	0.963385085505228	0.0120630582473748	0.024551856247397	0.965519208362911	0.0107145935493082	0.0237661980877803	0.826922806929447	0.0231865386234374	0.00579123527266434	0.144099419174451	0.883205893345529	0.0189234121294168	0.00295423837305747	0.0949164561519965
0.840156436272602	0.0937369943745658	0.0254405779176341	0.0406659914351983	0.886937143533417	0.0644658324364481	0.0172838373096756	0.0313131867204588	0.734044028953091	0.253538258303986	0.0112447327803531	0.00117297996257036	0.955002858858024	0.0147416074458459	0.0302555336961299	0.967686379381094	0.00238277876638534	0.0299308418525209	0.830017948101305	0.0182848010600105	0.0072941407241496	0.144403110114535	0.908394752348499	0.00464270014311649	0.000238887902900624	0.0867236596054836
0.844815628281739	0.0870503740538078	0.0213773996022647	0.0467565980621886	0.884639919410886	0.0623614910907305	0.0210718587895966	0.0319267307087865	0.750024884975873	0.231102727985223	0.0164473235069183	0.00242506353198625	0.947961361586096	0.0119219611663727	0.0401166772475315	0.970079504126377	0.0104196269253675	0.0195008689482561	0.829204708820463	0.0183596668220585	0.00154138330729248	0.150894241050186	0.880189642883179	0.00931842650846799	0.00169871930141624	0.108793211306936
0.835646821374611	0.0907192359410533	0.0343144079375232	0.0393195347468125	0.886011309644052	0.0548827841928496	0.0261031820061521	0.0330027241569458	0.713093267092088	0.275425129320666	0.00858790411869131	0.00289369946855455	0.944624552035437	0.0252231824418388	0.0301522655227238	0.959874152762023	0.0130246898098741	0.0271011574281026	0.834018917836019	0.0141209857510406	0.00642858976701291	0.145431506645927	0.878765293507441	0.00600297338410777	0.000512009621714608	0.114719723486736
0.866182221571347	0.0644811326058789	0.0289680437868059	0.0403686020359681	0.888298840218092	0.0622958015397723	0.0199455735503442	0.0294597846917915	0.701564325423449	0.282857219658686	0.0150934995748231	0.000484955343041789	0.940797039310607	0.0229581643334266	0.0362447963559663	0.977431633117783	0.00785734546249191	0.014711021419725	0.827163400748342	0.0222487330498487	0.00914636750666237	0.141441498695147	0.907388996091277	0.0120039410836448	0.00218312362502488	0.0784239392000534
0.848801016336147	0.0781166988829571	0.0295716290904503	0.0435106556904457	0.884936398115348	0.0605969460278106	0.0205685524224783	0.0338981034343632	0.697313174000423	0.291513590242549	0.00784446799885944	0.00332876775816849	0.95826568539519	0.0236245542457513	0.0181097603590589	0.958742241587466	0.0181293597949174	0.0231283986176168	0.835917966556574	0.0216707767167776	0.00381845579221127	0.138592800934438	0.910261645777027	0.00689310184076815	0.00634335323306857	0.076501899149136
0.851638067362707	0.0753341915973817	0.0307169602429947	0.0423107807969167	0.891533266787429	0.0571758907649871	0.0204319888311404	0.0308588536164436	0.697693153113152	0.299433710248578	0.000444970019560816	0.00242816661870887	0.953704590176117	0.0160514890577906	0.0302439207660919	0.962499463873951	0.0128535181306838	0.0246470179953653	0.81835590111467	0.0301739631805079	0.00363981819816184	0.14783031750666	0.905099768119937	0.00986664803290086	0.00211685417008839	0.0829167296770734
0.85373510759311	0.073495416822526	0.0332392331390591	0.0395302424453045	0.893194814383041	0.0622551417703713	0.017517905542012	0.0270321383045759	0.698509885752006	0.285892834511321	0.014622536179298	0.000974743557374655	0.948696457614762	0.0155949685549714	0.035708573830267	0.960127293889494	0.0101099084225065	0.0297627976879996	0.824450166680227	0.0201990751949206	0.00680231047389577	0.148548447650956	0.897775507832438	0.0067650611992133	0.00457185988299737	0.0908875710853513
0.84866538615058	0.069156680348845	0.0377408230172175	0.0444371104833573	0.89121428745889	0.0577983604271027	0.0201466288084591	0.0308407233055481	0.792088112517064	0.195708206813067	0.0113418368267115	0.000861843843158228	0.957943904849532	0.0242795007263644	0.0177765944241037	0.954749713178937	0.0228405037392719	0.0224097830817909	0.831952488842424	0.0154559175581869	0.00255595676860989	0.150035636830779	0.904936706846587	0.0145999520826156	0.00186345198082054	0.0785998890899765
0.854970324888265	0.0798412393824891	0.0223456483193302	0.042842787409916	0.89570029219501	0.0594403248130797	0.0164275655197298	0.0284318174721804	0.694937153219417	0.303252859658831	0.00119173366987745	0.000618253451874663	0.952617301530947	0.0196703761064088	0.0277123223626442	0.969298796537774	0.00570820731675044	0.0249929961454752	0.82357627262091	0.0236250944366124	0.00560753409846819	0.147191098844009	0.92718897758789	0.00903629527159033	0.00100073007550477	0.062773997065015
0.861099099320771	0.0795214995145139	0.0215842312132551	0.0377951699514596	0.892035228691836	0.0578213855585415	0.0166812211536874	0.0334621645959349	0.711282431676872	0.272385162738926	0.0130417309409637	0.00329067464323858	0.951746918362464	0.0117190347134986	0.0365340469240374	0.955041900344897	0.0162393782613821	0.0287187213937214	0.817661473356179	0.0267797561283951	0.0111706481779838	0.144388122337442	0.905217477127386	0.00152202598367769	0.00465186385629339	0.0886086330326424
0.850195846638604	0.0776810955433091	0.0338153929385149	0.0383076648795716	0.891634264584192	0.0638443293651021	0.0168009067291351	0.0277204993215706	0.719744916255838	0.268369632040894	0.010497346018551	0.00138810568471677	0.958380129655038	0.0113684307480671	0.0302514395968949	0.974533639519689	0.00772683182874216	0.0177395286515689	0.835876567864255	0.0166223360163598	0.00772295945987109	0.139778136659514	0.863845304904254	0.00934297043275895	0.000758183812877666	0.12605354085011
0.851274780442544	0.0768821175896492	0.0291657788013766	0.0426773231664299	0.884480926564507	0.0617074818480034	0.0205137930929781	0.0332977984945119	0.771463552452184	0.2089293549063	0.0159175652982523	0.00368952734326371	0.954188224421435	0.01367447796831	0.0321372976102549	0.967435103533144	0.0110315603867926	0.0215333360800631	0.8409098147057	0.00602780960507755	0.00295419216256741	0.150108183526655	0.873951655261412	0.0131122533799696	0.000289857461563144	0.112646233897055
0.846549052794317	0.083100250748816	0.0277019692260703	0.0426487272307971	0.896595868202435	0.0599069978047747	0.0191826707580358	0.0243144632347548	0.748324910233103	0.24047076113257	0.010236015281739	0.000968313352588202	0.959879295333541	0.0174668034538774	0.0226539012125811	0.962837869599524	0.015733735290139	0.0214283951103366	0.827130386365652	0.0211835880746834	0.00889675512336909	0.142789270436295	0.923796256690735	0.00383448247852766	0.000371532277511399	0.0719977285532261
0.838532257434403	0.0824033455098853	0.0343382374098926	0.0447261596458187	0.894708600999121	0.062538155162741	0.012960775320753	0.0297924685173847	0.701235072061975	0.28995463479547	0.00671533435147352	0.00209495879108157	0.940919147120508	0.026672689682028	0.0324081631974638	0.956553946230146	0.025769507137357	0.0176765466324969	0.82393404767217	0.0206794280299013	0.0126286463527947	0.142757877945134	0.916255969500664	0.00465719609394168	0.000521769257104446	0.0785650651482896
0.836655057181627	0.0874373768725057	0.0322516444497595	0.0436559214961082	0.895603362434884	0.0573937583689667	0.0173044835107259	0.0296983956854236	0.747637612064278	0.224929429519914	0.0233464697644539	0.00408648865135419	0.956339127795792	0.0257773985350377	0.0178834736691707	0.976532697130577	0.00164980922123784	0.0218174936481854	0.835250308562128	0.0197068966641816	0.000349778347712516	0.144693016425978	0.87883045572139	0.00813503390045099	0.00224153498807926	0.110792975390079
0.855153226171737	0.0826641421649213	0.0213617457502485	0.0408208859130928	0.886419058670297	0.0611582352509264	0.019634035365791	0.0327886707129859	0.704347213711917	0.284346678029381	0.00553966841603514	0.00576643984266757	0.9597745660839	0.0149931094280209	0.0252323244880794	0.954523973769709	0.0161782323056611	0.0292977939246298	0.818187713933257	0.0256530283214948	0.00589155315012907	0.150267704595119	0.873958921668183	0.0113312707899442	0.00466830662370316	0.11004150091817
0.851688579813505	0.0831716437025754	0.0263460536023209	0.0387937228815987	0.893224634613841	0.0583296335663333	0.0200275290013777	0.0284182028184475	0.714536091291532	0.268535041687685	0.012190197152639	0.00473866986814428	0.959098848603862	0.00650277122156759	0.0343983801745703	0.963009964666677	0.0126926698977603	0.0242973654355629	0.827268627435039	0.0172900947286657	0.0129257280419979	0.142515549794298	0.924667460511532	0.0126154751790962	0.000475609473909541	0.0622414548354623
0.853853133351861	0.0735914554829081	0.0298939874183441	0.0426614237468866	0.88472688096034	0.0611125025552599	0.0197703136613975	0.0343903028230028	0.697674957730743	0.295564239698709	0.00425986976029777	0.00250093281025002	0.946334644262197	0.0224197271190271	0.0312456286187758	0.973468029512981	0.00609803579999047	0.0204339346870284	0.836785399550192	0.0130059062079968	0.00326514574720729	0.146943548494604	0.871420253069686	0.0152351841424194	0.00733603994492146	0.106008522842973
0.854564130454564	0.0706548589717235	0.027291031662395	0.0474899789113174	0.896994617304651	0.0569442597364365	0.0179947359624096	0.028066386996503	0.658384031742486	0.313182382155509	0.0266867151251042	0.00174687097690141	0.930253236704698	0.0354030470969353	0.0343437161983668	0.956683431365838	0.0108863203014508	0.0324302483327111	0.836088535756711	0.0138229529497967	0.00399896884659491	0.146089542446898	0.959557021259594	0.00620710337636132	0.00409361982164471	0.0301422555423996
0.848848994345133	0.084532023640337	0.025352244423461	0.0412667375910694	0.883276065593219	0.0626163354155462	0.0220258014735697	0.0320817975176647	0.741471065776657	0.252865528100863	0.00513981742228932	0.000523588700190249	0.955779394034958	0.0108284288330007	0.0333921771320411	0.970754778416611	0.0096432536821047	0.0196019679012841	0.830654717638918	0.0130207884726183	0.0130306112490204	0.143293882639444	0.927402124264541	0.00956456092382409	0.000886605096313709	0.0621467097153208
0.855882103502378	0.0711892236917468	0.0295834452446896	0.0433452275611857	0.888983416520264	0.0607939951264466	0.0191165630715005	0.0311060252817893	0.705336038981782	0.282687065195894	0.00870379515048247	0.003273100671841	0.957220062055553	0.0199468756387868	0.0228330623056607	0.955586558863689	0.0160753326018492	0.0283381085344619	0.832130765518505	0.015908120255307	0.0054085665776701	0.146552547648518	0.888222217900565	0.00931496581692952	0.00256241446010863	0.0999004018223966
0.84693368725246	0.0813749644861537	0.0244810181598461	0.0472103301015404	0.887242164488704	0.0606581056842467	0.0220736577542612	0.0300260720727879	0.725988469209061	0.243373262350005	0.0296237392389645	0.001014529201969	0.956254015106814	0.00638378584543509	0.0373621990477505	0.960626321544173	0.00503224735281088	0.0343414311030162	0.834534954594089	0.0184948558105807	0.00148537363962194	0.145484815955708	0.92404859978624	0.00668611316359205	0.00513796483668982	0.0641273222134779
0.839550770885949	0.0839352859213779	0.0312285890839843	0.045285354108689	0.893482670105426	0.0597919088362104	0.0159608904507053	0.0307645306076585	0.712768643672091	0.274408120385777	0.0119390368165476	0.000884199125584375	0.95369195853574	0.00786127006844641	0.0384467713958136	0.960898701001518	0.0133004604170654	0.025800838581417	0.832870946077854	0.0183250932865029	0.000802123394992283	0.148001837240651	0.897333430930711	0.00476070366418176	0.00468122181416936	0.0932246435909374
0.829308221813494	0.0909119232647108	0.0334036701704816	0.0463761847513141	0.897152470387515	0.0552884902640687	0.0174814022034343	0.0300776371449815	0.727670410351493	0.26538524611159	0.00646787193452704	0.000476471602389225	0.949727455416581	0.0257480486011708	0.0245244959822476	0.960654894197477	0.0114785888950597	0.0278665169074632	0.835866382110272	0.0160270875524578	0.00199841957857347	0.146108110758696	0.921039740446057	0.00413042302206851	0.0038298177046764	0.0710000188271975
0.851189746829172	0.0760554525071949	0.0302765983937008	0.0424782022699319	0.889027486713746	0.0577112705549928	0.0191859738342486	0.0340752688970124	0.676289725131555	0.313519591549164	0.00993541644980427	0.000255266869477449	0.935231149499607	0.0205057130976183	0.0442631374027752	0.957337282223201	0.0190013862655738	0.0236613315112248	0.840497548768653	0.00719500509449017	0.0027297401928037	0.149577705944053	0.895026326017523	0.0099206254898631	0.00335813494136257	0.0916949135512514
0.850111382513017	0.0877329988804904	0.0195389425119123	0.0426166760945807	0.891274078729743	0.0599837894470678	0.0220533918662259	0.0266887399569636	0.720803509245367	0.273480080033048	0.00534366058662796	0.000372750134957577	0.960640075827232	0.0209710313318168	0.0183888928409517	0.952694850247647	0.0239804556911476	0.0233246940612054	0.828029699324285	0.0219041692082112	0.0067774454356191	0.143288686031884	0.944062901392749	0.00624922338964614	0.000393297847745696	0.0492945773698597
0.856185611846921	0.0832729432140394	0.018661660929877	0.0418797840091629	0.892957567907518	0.0611703864059447	0.0182195589827642	0.0276524867037735	0.691840023102649	0.299074397176801	0.00694752480671799	0.00213805491383163	0.972569771551802	0.0164930201393249	0.0109372083088728	0.962186832999436	0.00887393110477078	0.0289392358957931	0.832942612542546	0.0190593185163643	0.00135976407955884	0.146638304861531	0.906948120289622	0.00538364217703513	0.0041527186654757	0.0835155188678673
0.845072512398305	0.0896067337188602	0.0217297195018805	0.0435910343809546	0.885859601960924	0.0626860267773776	0.021514043970169	0.0299403272915291	0.745762333051757	0.248497612010011	0.00385978541732516	0.00188026952090675	0.955642937458374	0.0159687502297776	0.0283883123118482	0.962504765054226	0.0110379337839293	0.0264573011618447	0.824536449188268	0.0267251068242104	0.00284944858164806	0.145888995405874	0.89319193870499	0.00889467173167844	0.000694214905057499	0.0972191746582737
0.855470594192323	0.076078892845096	0.0254706164160082	0.0429798965465727	0.896290803105228	0.0606674835944572	0.0134635190811593	0.0295781942191551	0.751946455409543	0.227581877144296	0.018348889262271	0.00212277818389016	0.945214441606053	0.0157577264426921	0.0390278319512547	0.973820524539359	0.00146968744486252	0.0247097880157786	0.821067263195787	0.0187970356475718	0.0153158663603673	0.144819834796274	0.891684354071313	0.00794869416146342	0.000289944030727199	0.100077007736497
0.855112266240142	0.0746168157910716	0.0289341151098649	0.0413368028589218	0.884469283024054	0.0590520633457059	0.0225559685577153	0.0339226850725246	0.753460981513289	0.23322684694743	0.00766133270879806	0.00565083883048321	0.956372042731197	0.0176265387610633	0.0260014185077393	0.968151452581284	0.00537008965789333	0.0264784577608231	0.829025382570392	0.0233510612644748	0.00896874408258512	0.138654812082548	0.917224391009375	0.00464025485327031	0.000430028493578331	0.0777053256437761
0.85060150581732	0.0697519178564012	0.0325450212347909	0.0471015550914877	0.887032966581336	0.0572893751938156	0.0227915039664487	0.0328861542584001	0.706366098422764	0.290724772047157	0.0025053539292771	0.000403775600802059	0.950716282214599	0.0241331359681726	0.0251505818172281	0.957399103355712	0.0138905603707078	0.0287103362735801	0.82948306334727	0.0244042028109956	0.00415926043203266	0.141953473409701	0.862951425299332	0.011482350455606	0.000420206457865585	0.125146017787196
0.849138873290292	0.0852615565310985	0.0271316267378185	0.038467943440791	0.901333881567108	0.0576544058027026	0.0145899611530385	0.0264217514771506	0.736443017742656	0.243615409736567	0.0155915542295587	0.00435001829121864	0.943724333261396	0.0202227372205222	0.0360529295180813	0.959235073815049	0.0179350949612938	0.0228298312236574	0.833984300030871	0.0161235570574055	0.00685577631795939	0.143036366593764	0.898505218628572	0.00771874719089995	0.0013473481848357	0.0924286859956927
0.834923947380785	0.0879430795065592	0.0330054760726535	0.0441274970400023	0.886791178509796	0.0606640330003077	0.0201346744257145	0.0324101140641814	0.711151946695338	0.261690615454043	0.0238491041896599	0.00330833366095974	0.933849911323307	0.0207071295934235	0.0454429590832701	0.965339560721925	0.0135796753542358	0.021080763923839	0.837130635643706	0.0145469202792961	0.00178467441343988	0.146537769663558	0.907534848020624	0.00927981483258497	0.00157591770906505	0.0816094194377257
0.855729473232471	0.0757275899419302	0.030991981899229	0.03755095492637	0.886463497711584	0.0617379708437908	0.0199183382769124	0.0318801931677128	0.7186508452353	0.264036946511519	0.0159012269910157	0.00141098126216508	0.956812496278878	0.0333184614537917	0.0098690422673306	0.954570812065042	0.0165547805725176	0.0288744073624406	0.825167692751781	0.0262101777032783	0.00536211409306478	0.143260015451876	0.926591300719107	0.00437428425779708	0.000193408740418333	0.0688410062826772
0.825749619057419	0.095318147209922	0.0368002518359528	0.0421319818967062	0.876577077115907	0.0603180865346818	0.0272864334656905	0.0358184028837207	0.66398472627178	0.328783664881993	0.00687063640634857	0.000360972439878571	0.947137366050361	0.0285560154242312	0.0243066185254074	0.963940763697455	0.01098683781672	0.0250723984858255	0.822836494974927	0.0243110439919215	0.00793245994290409	0.144920001090247	0.904850846006923	0.00479848216255277	0.000549039494541276	0.0898016323359827
0.851909542625881	0.0749497991846619	0.0277155088043313	0.0454251493851256	0.891386449531942	0.0577911248367251	0.0209704280047298	0.0298519976266027	0.77471973268481	0.19725570644721	0.0225821669640186	0.00544239390396137	0.961258456129496	0.00716498813206716	0.0315765557384372	0.960259333808131	0.0162632589554322	0.0234774072364371	0.821127670695611	0.0200055906062437	0.00983813978339726	0.149028598914748	0.917394596110107	0.00455932346761948	0.00313091454289362	0.0749151658793795
0.85309749657534	0.0817103734604528	0.0230424798242665	0.0421496501399404	0.90060724212147	0.054747080787459	0.0195254838897309	0.0251201932013405	0.747006109653248	0.231555542825009	0.0195465769964422	0.001891770525301	0.945504336878642	0.0108412340115862	0.0436544291097715	0.978984138153183	0.00636030978442516	0.014655552062392	0.836508128652637	0.0184361476692777	0.00395681441723913	0.141098909260846	0.89691944329184	0.00453504554338551	0.00474557358600231	0.0937999375787719
0.837763556278462	0.0765770305069585	0.037875913396477	0.0477834998181027	0.895131878202004	0.0625557735551974	0.0144781861805513	0.0278341620622473	0.719898179230991	0.273552422574849	0.00496366219942989	0.00158573599473029	0.932633395554589	0.0315718897759821	0.0357947146694289	0.968494522333517	0.0116884213410761	0.0198170563254072	0.834840057833506	0.0182467277493748	0.00221776661600792	0.144695447801111	0.912408040413146	0.00395246550674171	0.00616891702854912	0.0774705770515635
0.831254119868944	0.0962178520188095	0.0263394494161806	0.0461885786960662	0.896459735207056	0.0508423691023221	0.021892272199081	0.0308056234915409	0.685232532099982	0.303672413481049	0.011043927638407	5.11267805624231e-05	0.94287729352975	0.0173333699711085	0.0397893364991412	0.970831120870986	0.0013696128734573	0.0277992662555569	0.829982000564088	0.0127753795080789	0.0120453373207929	0.14519728260704	0.898379896086063	0.00754036422643267	0.000953551812410413	0.0931261878750936
0.858664957916879	0.0750866919739431	0.027645218494695	0.0386031316144828	0.888427472263234	0.0588866961575108	0.0243044868836643	0.0283813446955909	0.739142237434311	0.249795595632553	0.00671872500730787	0.00434344192582839	0.960547017106879	0.0115169498606741	0.0279360330324467	0.963351631683812	0.0130709292202633	0.0235774390959251	0.81813779695713	0.026808465054368	0.0114354311712661	0.143618306817236	0.891727680580486	0.0196315133147574	0.00242646702494936	0.0862143390798074
0.846683457277857	0.0775073151973817	0.0318496660523931	0.0439595614723678	0.887087491117923	0.05976950426504	0.0204852198689406	0.0326577847480967	0.75482705773947	0.234238349998341	0.00427585838655589	0.00665873387563342	0.961033910019658	0.0141118795351891	0.0248542104451527	0.954225503859776	0.0161399480723823	0.0296345480678415	0.821440959498374	0.0212415924571743	0.00771616950899554	0.149601278535456	0.909775040189007	0.00599390594992086	0.00364698914260363	0.0805840647184682
0.851619347870751	0.0772502000037423	0.0260685852842745	0.0450618668412326	0.889341079672011	0.0610199341042718	0.016990429835302	0.0326485563884155	0.689214105591651	0.298149759840225	0.00928355555845069	0.00335257900967371	0.956776213319355	0.0179809685753795	0.0252428181052653	0.970536229758496	0.0107239665860222	0.0187398036554816	0.826091147788943	0.0219400065576412	0.00250891715536865	0.149459928498048	0.897860383375306	0.0099600807109	0.000989810808452419	0.0911897251053414
0.846672715631545	0.0799740898810166	0.0313698895176602	0.0419833049697779	0.885621555927775	0.0611809513678082	0.0218811674391535	0.0313163252652632	0.728571662594813	0.252860410273426	0.0142825493950627	0.00428537773669855	0.935259332418468	0.0246364388287243	0.0401042287528079	0.955713836753509	0.0223663650262043	0.0219197982202864	0.829682030814076	0.0187917162111017	0.000318902232640566	0.151207350742182	0.91914495665401	0.00475418954088771	0.00166417523225067	0.0744366785728519
0.861575914033357	0.0623634946047166	0.0318807808856503	0.0441798104762763	0.889891933443228	0.0623273545817116	0.0150890034375473	0.032691708537513	0.707454812571502	0.285247308934381	0.00392060203852124	0.00337727645559593	0.942126676648741	0.0180220138847753	0.0398513094664835	0.965534737976018	0.00980898801214182	0.0246562740118399	0.823472126802041	0.0183007693395482	0.00555337967770478	0.152673724180706	0.911802443746775	0.00588844987408274	0.000859785675814361	0.0814493207033277
0.840474753162414	0.0858084716524743	0.0291790336111073	0.0445377415740043	0.890321300280393	0.0600100920656341	0.0170300401628894	0.0326385674910836	0.69653155749876	0.272670201356367	0.0275725120169208	0.00322572912795222	0.947747858582576	0.0130425341298364	0.0392096072875881	0.97147022740613	0.00850531854058432	0.0200244540532855	0.827447524736965	0.0228217972472924	0.00799034627849478	0.141740331737248	0.864605493343707	0.00522355439235564	0.000870618559554004	0.129300333704383
0.852962372233139	0.077073347895759	0.0274273146918532	0.0425369651792491	0.893373453737495	0.0599233304582173	0.0155807245423433	0.0311224912619446	0.718967565159117	0.261004681305686	0.0175322291692533	0.00249552436594376	0.972117587472983	0.014114810617237	0.0137676019097795	0.970964522421322	0.00508515385055285	0.0239503237281251	0.832859711650941	0.0181433027748137	0.00285651743619495	0.14614046813805	0.888723787578901	0.0134151558356824	0.00288511074463488	0.0949759458407816
0.849286266705459	0.0861038931934749	0.0273059118898364	0.0373039282112294	0.883816473472866	0.0629252898326943	0.0236304397259693	0.0296277969684707	0.717248672911579	0.260110696722265	0.0183214823528968	0.00431914801325934	0.955572410140561	0.0114025117175885	0.0330250781418506	0.974699414551108	0.00292342960543243	0.0223771558434599	0.834622804563491	0.0149293991075762	0.0039479185426433	0.14649987778629	0.890503444140678	0.00914146235638912	7.42219657779286e-05	0.100280871537155
0.854096015724482	0.0745254790387646	0.0263780506678821	0.0450004545688718	0.887658310529159	0.0631967824389877	0.0176194732996262	0.0315254337322275	0.66970142748453	0.311552558810777	0.0163687280750184	0.00237728562967437	0.941482877421755	0.0257335969927083	0.0327835255855372	0.970679107724056	0.00311116500075072	0.0262097272751928	0.830821068559438	0.0200410234655907	0.00192806530894859	0.147209842666022	0.902588614548077	0.00488637892513871	0.00331760749442622	0.0892073990323578
0.837516394311547	0.0821218806858116	0.0386446213934894	0.0417171036091521	0.893887231453902	0.0630368971063461	0.0146938032659904	0.028382068173762	0.664406020499748	0.321746966770789	0.0134765153956148	0.000370497333847617	0.968304082761285	0.00850407068102803	0.023191846557687	0.960953467614972	0.0122223711746305	0.0268241612103972	0.827347646185457	0.0176833461115575	0.00878230468449698	0.146186703018488	0.905596121447281	0.00538088848821737	0.00356209707928622	0.0854608929852152
0.849668494355028	0.0719109630284925	0.0381500638832208	0.0402704787332583	0.888577029484823	0.0562999107272199	0.0218317415166989	0.0332913182712586	0.682695546287432	0.305263996557674	0.0102507539714025	0.00178970318349171	0.957053866041007	0.011275557999921	0.0316705759590725	0.961229268563054	0.0144053632895597	0.0243653681473866	0.832573438533403	0.0183495746457891	0.00469861085136599	0.144378375969442	0.889979099101714	0.0084106656364694	0.00406448114621903	0.0975457541155975
0.840542489750628	0.0842949534001425	0.0341370921761966	0.0410254646730328	0.887234259399651	0.0616370782950206	0.0182592505317808	0.032869411773548	0.750621347649076	0.239292808156137	0.00841368340408987	0.00167216079069709	0.970335901435609	0.0158656331360412	0.01379846542835	0.956306217066104	0.0220082846032846	0.0216854983306113	0.82397941239868	0.0249410349221741	0.00723658857961656	0.14384296409953	0.893771977790151	0.0113168218191355	0.00451243164783616	0.0903987687428774
0.850574784341233	0.0753685479754545	0.0294993644950888	0.0445573031882233	0.883827704631706	0.0641319052274552	0.0217835732492493	0.0302568168915892	0.730748619067554	0.259795552485471	0.00861039023854895	0.000845438208425456	0.946300342493682	0.0232504223870286	0.030449235119289	0.965774797082187	0.00740399432552812	0.0268212085922845	0.830273607364666	0.0127258167179582	0.0093808180969825	0.147619757820393	0.913092545541085	0.00486881226669199	0.0031536176028622	0.0788850245893608
0.843039961426337	0.0818619823244815	0.034581274755069	0.0405167814941126	0.885922175262434	0.0614924531868679	0.0223274355452349	0.0302579360054635	0.683023068871979	0.30107420099272	0.0105750095024767	0.00532772063282379	0.958749470338445	0.0117589326817766	0.0294915969797787	0.957678854324621	0.0188971339153215	0.0234240117600575	0.823586426663531	0.0185351039804323	0.0122042953675096	0.145674173988527	0.883085709286615	0.00850569860687353	0.00630224462901138	0.1021063474775
0.826984898831773	0.0873693378169241	0.035606324797273	0.0500394385540306	0.897602362423759	0.0574867773701995	0.0175872886880205	0.0273235715180215	0.755295134858081	0.224852957392483	0.0178815890302723	0.00197031871916331	0.921913318412758	0.0406369279455419	0.0374497536416998	0.966969603750371	0.0127275156443083	0.0203028806053202	0.825870351499176	0.0220951863715078	0.00557940825142133	0.146455053877894	0.933992494975702	0.00471843273861257	0.00213690401120464	0.0591521682744811
0.838352547147282	0.0828324729575061	0.0338404773564651	0.0449745025387469	0.892451963867422	0.0591362802403843	0.0176612457021598	0.0307505101900341	0.735039610454961	0.248684747920522	0.0144930192898236	0.00178262233469273	0.947531133796677	0.0163627772233997	0.0361060889799235	0.969581223379045	0.00942823827893483	0.0209905383420205	0.836119626060037	0.0143114283760778	0.00492467194891891	0.144644273614966	0.912763879868533	0.0114437918492268	0.00560387355813268	0.0701884547241077
0.838135251829194	0.0864654229788283	0.0300599229398185	0.0453394022521588	0.89376334255967	0.0578303159137367	0.0202659915483645	0.0281403499782286	0.684686032444606	0.301731340214367	0.00945462018964188	0.00412800715138526	0.945216538964566	0.0206008814045574	0.0341825796308769	0.957984717786787	0.0174756539654312	0.0245396282477816	0.826514553120038	0.0242035535706324	0.0012713040666938	0.148010589242635	0.939685593241065	0.00684275557753758	0.000439169706956706	0.0530324814744406
0.8662939233299	0.0608805238733505	0.0304276644915913	0.0423978883051584	0.888628969009359	0.0584674730092726	0.0188111329616925	0.0340924250196761	0.690925515375186	0.291243481789303	0.0166095952616444	0.00122140757386668	0.957789275503934	0.0228170963380573	0.0193936281580084	0.959825193783296	0.0141809340571351	0.0259938721595691	0.834557817221657	0.0144533357001115	0.000806693706447445	0.150182153371785	0.912276554903626	0.00135442320565282	0.00268181233259019	0.0836872095581312
0.841054400334188	0.0895485471696747	0.0241166061348138	0.0452804463613232	0.888207008605924	0.0635234752878426	0.0198855384245441	0.0283839776816888	0.714565145466644	0.274590700463969	0.00935512280177091	0.0014890312676162	0.950899794036066	0.025089644702375	0.0240105612615595	0.957180173372907	0.0174003897176016	0.0254194369094909	0.829692529150265	0.0223732368703849	0.00602991527523499	0.141904318704115	0.906296272647619	0.00590886569853794	0.00027696304531671	0.0875178986085259
0.853593553950956	0.0788529021440814	0.0289688725322094	0.0385846713727529	0.890318713535789	0.0596444351773993	0.0176486246272376	0.0323882266595743	0.755756553638173	0.236408997629294	0.00523005549181112	0.00260439324072156	0.962710762042221	0.0191840172584922	0.0181052206992871	0.972209930345616	0.0022340474577801	0.0255560221966043	0.823362301036276	0.0276713920953833	0.00364836955005782	0.145317937318283	0.909030877201118	0.00601135854256575	0.000626650589734301	0.0843311136665819
0.834281027196773	0.0854947692506609	0.039281234591054	0.0409429689615119	0.887176798390645	0.0549516024800989	0.0193569729313574	0.0385146261978987	0.726080628612186	0.263392333435745	0.00535518036962218	0.00517185758244625	0.935964002303033	0.027851950090583	0.0361840476063844	0.972876193119712	0.00349264815180955	0.0236311587284788	0.817715629193491	0.0199426267496759	0.0123303682213241	0.150011375835509	0.929955083604591	0.00724132175611944	0.00325375169370383	0.0595498429455855
0.849312391151836	0.0760709293805579	0.0355696459561124	0.0390470335114933	0.891462442207304	0.0565296197925572	0.0223213652347795	0.0296865727653595	0.712634016482973	0.279061745504608	0.00754420367455856	0.00076003433786038	0.936264118995455	0.0289501497906745	0.0347857312138704	0.965228636795269	0.0155532734254502	0.0192180897792812	0.836979247886275	0.0228427530468895	0.00186998449651872	0.138308014570317	0.935130827159249	0.00676276594509911	0.00283254149987996	0.0552738653957717
0.846784547164038	0.0842616264711664	0.0278724642179856	0.04108136214681	0.887613208719492	0.0595101894043172	0.0226492429621892	0.0302273589140017	0.630623721353897	0.367497387455292	0.00140837776700004	0.000470513423811329	0.946359437305429	0.0256628588028483	0.027977703891723	0.968459909434979	0.00997449044838297	0.0215656001166378	0.828831808242842	0.0270700806962527	0.00169811104306849	0.142400000017837	0.91357328158469	0.0183170935083219	0.00401933919552071	0.0640902857114677
0.850180295647887	0.084088137782002	0.0263366459194095	0.0393949206507014	0.889591322239433	0.0611387018436072	0.0193929452858763	0.0298770306310832	0.720209708541365	0.273149699146906	0.00342250030663087	0.00321809200509782	0.939194135710387	0.0281058626930644	0.0327000015965487	0.960480816708156	0.0204526748728956	0.0190665084189489	0.831807225161242	0.0176388902611963	0.00194571005297241	0.14860817452459	0.908855062224711	0.013040734266625	0.0033930192711062	0.0747111842375582
0.844920863100124	0.0865881662728006	0.0257632511208502	0.0427277195062254	0.876751395036397	0.060977918895099	0.0251300050193187	0.0371406810491848	0.749541723774945	0.248646275844782	0.000316936566834024	0.00149506381343918	0.957848294881214	0.0181736808292589	0.0239780242895275	0.975867319204052	0.0081494260668594	0.0159832547290888	0.825943590141592	0.023540769304319	0.00797086643719492	0.142544774116894	0.904896779589376	0.00142027889939458	0.00444470752696463	0.0892382339842651
0.842742345896797	0.0853930284916119	0.0308539091510585	0.0410107164605321	0.892065377806323	0.0592188674524734	0.0168351216968511	0.0318806330443531	0.713904224318607	0.265337181028794	0.0187202872665155	0.00203830738608348	0.968265859589164	0.0136270482681801	0.0181070921426557	0.97135923451608	0.00429166816255842	0.0243490973213611	0.838428693433774	0.0103306384428196	0.00356914777782718	0.147671520345579	0.916602718845134	0.00216340929716636	0.00368591207758267	0.0775479597801174
0.863744956848173	0.0719377257958832	0.0189820574039511	0.0453352599519926	0.897476879899065	0.0553561009736252	0.0147110580180835	0.0324559611092258	0.745108870586288	0.235550997194754	0.0172774297310487	0.00206270248790993	0.952536427322557	0.0176725335689865	0.0297910391084563	0.963076863809494	0.0141643739401119	0.0227587622503944	0.835470905980935	0.0212381926796105	0.00039389245673687	0.142897008882718	0.894125486767024	0.000486642090442996	0.00284901110284141	0.102538860039692
0.849096396239326	0.0754915746918538	0.0324160973757801	0.0429959316930406	0.881703593718799	0.0610726973019827	0.0173352434803304	0.0398884654988877	0.752194905991846	0.230667708386087	0.0135189797379456	0.00361840588412177	0.946905469562001	0.00762267617341421	0.0454718542645847	0.97901732872578	0.00404727695030065	0.0169353943239192	0.829548878573952	0.0165336091871948	0.0071799409927591	0.146737571246094	0.906165404406603	0.00921386825751939	0.00122390142151765	0.0833968259143599
0.837768593755791	0.0820337565129735	0.0368140168060295	0.0433836329252055	0.890061490143103	0.0590881144136243	0.0173959397504073	0.0334544556928659	0.77013638330036	0.210260083893383	0.0164221004888297	0.00318143231742663	0.951139524463632	0.0195130926570768	0.0293473828792909	0.955343976292427	0.0235211882960487	0.0211348354115245	0.828400910279057	0.0231270472383778	0.000850118131920284	0.147621924350645	0.915471679812492	0.00794151824646256	0.00401263031474202	0.0725741716263034
0.848255026911965	0.0801410862183427	0.0260316810488707	0.0455722058208213	0.886225304776453	0.0601018608582327	0.0194810376067907	0.0341917967585237	0.731701822386845	0.24617579442989	0.020093033120261	0.00202935006300375	0.962696509018627	0.00964154726863511	0.027661943712738	0.967351331374885	0.00752641482038317	0.025122253804732	0.823742026369797	0.0224865751046454	0.00768911156592561	0.146082286959632	0.940315169547428	0.00485056224184537	0.00106027979490479	0.0537739884158221
0.852439968429472	0.0793291907310963	0.0235393885139125	0.0446914523255196	0.900722601687312	0.0591160081114768	0.0165449164228705	0.0236164737783408	0.737294114739509	0.261010197710962	0.00146064415968807	0.000235043389840625	0.963153714029228	0.0230188766997296	0.0138274092710424	0.972699363146348	0.00706969168514015	0.0202309451685121	0.826728528854062	0.0262238854765953	0.00157408685516684	0.145473498814176	0.90519579602077	0.00899687070650494	0.00164744308811184	0.0841598901846132
0.851088575709663	0.0717681190668574	0.0353050257983939	0.041838279425086	0.893623047326129	0.0578569472017773	0.0232914333261187	0.0252285721459751	0.70383478520133	0.286544379231903	0.00702391112547934	0.00259692444128815	0.942722836345102	0.0196020682815336	0.0376750953733647	0.979327072069316	0.00215878048874531	0.0185141474419387	0.842627224984983	0.0159852665208811	0.000723999065004248	0.140663509429131	0.906312446428582	0.00373905240028891	0.00405889848949756	0.0858896026816314
0.847463627058505	0.0810630677723203	0.0279348654442252	0.0435384397249491	0.901224167277758	0.0550996155536384	0.0142607095326698	0.0294155076359335	0.738512626165852	0.24385327690995	0.0160429539468882	0.00159114297730942	0.94384534793704	0.0171088877886752	0.0390457642742851	0.965255342551774	0.0139667041518644	0.020777953296362	0.838771112323942	0.0179054476924484	0.00168282014967701	0.141640619833933	0.892477460253761	0.0121787572113925	0.0045396571620444	0.0908041253728019
0.86238081409401	0.0753187372040829	0.0262070788218404	0.036093369880067	0.897220300246006	0.0620478259906856	0.0178071859933563	0.0229246877699521	0.696719977855307	0.295326249546589	0.00754115903227798	0.00041261356582588	0.951152362008386	0.0222074166197315	0.0266402213718823	0.95603251276839	0.0154459111861488	0.028521576045461	0.835522759904328	0.0130442157626069	0.00653969141864877	0.144893332914416	0.901669511937292	0.00881030796216908	0.000215526255247782	0.0893046538452913
0.849794399868381	0.0754366655581792	0.0308483020692186	0.0439206325042215	0.895155660407588	0.0581062025723452	0.0214989333073889	0.0252392037126783	0.677058955083502	0.307379049402816	0.00820750287815982	0.00735449263552225	0.957622944329612	0.0153264990571875	0.0270505566132006	0.96451609650725	0.00878816593590788	0.0266957375568424	0.829744436256818	0.0147244955439137	0.00724753682803998	0.148283531371229	0.907412540607873	0.00299073859483619	0.00156479079981597	0.0880319299974747
0.846523988928969	0.0739609288075437	0.033126978936785	0.046388103326702	0.892325687599629	0.0555148961401072	0.0205782238678297	0.0315811923924345	0.724234305017599	0.270430203942838	0.00102846179457664	0.00430702924498584	0.949863047669951	0.0195079002903535	0.0306290520396953	0.969086393245014	0.010882245046896	0.0200313617080897	0.822939533316445	0.0219877714627062	0.000228538375606727	0.154844156845242	0.899451713394902	0.00627318226640464	0.00139249823808048	0.0928826061006132
0.867913345645784	0.0674372701064086	0.0214066285163145	0.0432427557314928	0.885736338540281	0.0643612165065909	0.0176265251171659	0.0322759198359621	0.816415286357316	0.163545811403833	0.0178631954610266	0.00217570677782372	0.953401462628277	0.0191061356009787	0.0274924017707438	0.965710827543347	0.00805790144037231	0.0262312710162806	0.828035787252398	0.0257497979058829	0.00212138183314923	0.14409303300857	0.884152339095179	0.00661033735294438	0.00432277403366626	0.10491454951821
0.836100886301425	0.0942669854325394	0.0241631414678667	0.0454689867981692	0.881586125977294	0.0606430172844811	0.0217163592947984	0.0360544974434263	0.742499750781508	0.233823785656678	0.0222072005059398	0.00146926305587419	0.953559606413342	0.0173852083822164	0.029055185204442	0.960326063947858	0.0215863380056912	0.018087598046451	0.844818797695011	0.0124041977028974	0.00207640583537145	0.14070059876672	0.902550176717905	0.0097854994932335	0.00395358984397907	0.0837107339448828
0.839059012885873	0.0793342484406339	0.0352519752061701	0.0463547634673226	0.893824448233928	0.0596577406681054	0.0183157247892238	0.028202086308743	0.777020549760336	0.218384073140903	0.00416562187964364	0.000429755219117018	0.961566327109794	0.0111364198203499	0.0272972530698564	0.962073725459613	0.0206370923420684	0.0172891821983187	0.831514052513352	0.0171670064573067	0.00165306878842386	0.149665872240918	0.883131542787495	0.0117587905425823	0.00134733032502774	0.103762336344895
0.847374487699801	0.0831529840620216	0.0308833072919236	0.0385892209462542	0.883637960406638	0.0641501213834911	0.0214632862500665	0.0307486319598047	0.749185916581258	0.245180178168821	0.00443713577573432	0.00119676947418697	0.941463291995998	0.0186657696041639	0.0398709383998379	0.963393616431759	0.0146188801097474	0.021987503458494	0.828723237912902	0.0163078138011408	0.0130567434559086	0.141912204830048	0.889964813904607	0.00165795929924045	0.00450209484786518	0.103875131948288
0.846313017459814	0.0805457795575657	0.0306101978917346	0.0425310050908855	0.884553440437366	0.0609176659635918	0.021918016930869	0.0326108766681736	0.74533657626903	0.235227896675789	0.0152236206456646	0.00421190640951666	0.945691022473602	0.025053023215123	0.0292559543112746	0.974028896188583	0.00875983360529142	0.0172112702061258	0.834746867233639	0.0186860985518067	0.00144513026754458	0.14512190394701	0.915745880787434	0.0083170489295938	0.00405545893842293	0.0718816113445489
0.852221536903977	0.0724917921897714	0.0292607759977294	0.0460258949085227	0.897106216865486	0.0561098762567658	0.0171509810234533	0.0296329258542945	0.758928924260815	0.229891397868828	0.00954627941905017	0.00163339845130623	0.938544242623734	0.0255945247652167	0.0358612326110492	0.965934493941976	0.00283933358510423	0.0312261724729197	0.830824979959209	0.0195056884080158	0.00142694571936475	0.14824238591341	0.917608333348329	0.00671544974861968	0.000657221724418745	0.0750189951786329
0.827828961860011	0.0948544035379965	0.0340002409208286	0.0433163936811638	0.891272784857325	0.0599909587467926	0.0219161079371194	0.0268201484587629	0.74627643396605	0.249119089008079	0.00425954007822871	0.000344936947643078	0.940649305312803	0.0186762198877601	0.0406744747994364	0.968356604167148	0.0138357853880887	0.0178076104447631	0.837489574784587	0.0134591110667727	0.00113232480245099	0.147918989346189	0.899444144871242	0.0061272272213015	0.00200422712729585	0.0924244007801611
0.849935407078857	0.0798650905809832	0.0284999607932951	0.0416995415468648	0.889087928831459	0.0555776994927384	0.0198814656967363	0.0354529059790662	0.738783505615879	0.244251749864556	0.0136667400060885	0.00329800451347666	0.943918311471103	0.0299349627234445	0.0261467258054531	0.969528571260784	0.00998893884056107	0.0204824898986552	0.824099385230494	0.0276004482670536	0.00183604550290639	0.146464120999546	0.919614941779488	0.00452578718417939	0.00420178183839844	0.071657489197934
0.850785350522206	0.0774883766393712	0.0345043031287421	0.0372219697096803	0.894707461572566	0.0572530268243109	0.0213304601172698	0.026709051485853	0.75037733166509	0.230184747174149	0.0183553506776291	0.00108257048313165	0.962043088614109	0.0215308991689119	0.0164260122169787	0.958970284809089	0.014827862420977	0.0262018527699344	0.832907134905341	0.0188954297125251	0.00308510956017297	0.145112325821961	0.912016007019935	0.00364186862904446	0.000525012078598084	0.0838171122724221
0.849863614783508	0.0776053932906632	0.030917243896232	0.0416137480295971	0.894199540027711	0.0607242904095293	0.0183172452681813	0.0267589242945783	0.683399689195954	0.291136731048619	0.0238045366744834	0.00165904308094326	0.936465317367467	0.0204307344540206	0.0431039481785129	0.963020279415585	0.0119823422116362	0.0249973783727786	0.811538487700259	0.0283063705517732	0.00861658850167205	0.151538553246296	0.887180954919977	0.00282487705453867	0.000106115985553201	0.109888052039931
0.841955166752156	0.0821099777124785	0.0323086008307119	0.0436262547046536	0.890394216882068	0.0611009701400372	0.0175905033237376	0.0309143096541578	0.717601943232161	0.248480516442766	0.0283855730183931	0.00553196730668005	0.968510235398105	0.0212390060443053	0.0102507585575892	0.959733998106141	0.0209643466810521	0.0193016552128072	0.826476919084621	0.0211090652645347	0.00106731483311982	0.151346700817725	0.903794971260716	0.0081273014756907	7.67229678506653e-05	0.0880010042957423
0.844952607892957	0.0739186953333781	0.0354496847369763	0.0456790120366882	0.900384879947258	0.0582652884158919	0.0146125027010117	0.0267373289358382	0.730261019284381	0.256212410068598	0.0111230392845987	0.00240353136242237	0.954975533622461	0.0256402183753159	0.0193842480022229	0.968601997588259	0.00352420207517251	0.0278738003365683	0.822751569475969	0.0251328784452266	0.00589254481792372	0.146223007260881	0.924574777225372	0.0117805232548684	0.00115481232827564	0.0624898871914841
0.838140671498339	0.0950371745343425	0.029893141322284	0.0369290126450346	0.886245748183855	0.0632851788609379	0.0150271017710338	0.0354419711841733	0.767652682256947	0.222332451031173	0.00960583621332393	0.000409030498556484	0.956301026778896	0.0131944380470468	0.0305045351740573	0.961085647068493	0.0152422620598453	0.0236720908716619	0.829693393527263	0.0191843177626746	0.00461898089698199	0.14650330781308	0.920787601382591	0.00180422292936834	0.000868186294560696	0.0765399893934801
0.852812490543178	0.0735458182484513	0.031860175447199	0.0417815157611714	0.890156932552116	0.0552812828398879	0.0245349720015917	0.0300268126064046	0.677734438060928	0.310878235511419	0.0112696133667342	0.00011771306091833	0.952258578398841	0.0101300730637539	0.0376113485374052	0.968895280384787	0.00546357317565296	0.0256411464395602	0.830833119399142	0.0161658245794632	0.00453387812626338	0.148467177895132	0.890461354530741	0.0136431719549628	0.00144639747081648	0.0944490760434798
0.856497381778795	0.0653121002965623	0.0305755666097706	0.0476149513148722	0.887936399890405	0.06443890673392	0.0180907476058666	0.0295339457698081	0.755473999708309	0.209184903538329	0.0342416439964822	0.00109945275687974	0.953652863564201	0.0246266558825201	0.0217204805532792	0.964595549693998	0.0178203784618942	0.0175840718441078	0.832202275876937	0.0213468308434716	0.002660218244951	0.14379067503464	0.904150565015572	0.00833035551042281	0.000761938777861528	0.0867571406961433
0.860762014395668	0.0733094571208662	0.0247048689039432	0.0412236595795223	0.888477840222548	0.0617924243517069	0.0180239867614935	0.0317057486642516	0.728817241935002	0.233222374883107	0.034653506655635	0.003306876526256	0.960003847123955	0.0172905100212089	0.022705642854836	0.970038627834304	0.00320956371611397	0.0267518084495823	0.834012100890064	0.0150362263108331	0.000680376693194687	0.150271296105909	0.898143683479007	0.00399174132013657	0.00350860218750703	0.0943559730133494
0.847495644347603	0.079164034444289	0.0300369289579047	0.0433033922502029	0.889269338583043	0.0628045122229734	0.0211977791932444	0.026728370000739	0.76473109061636	0.230539073928003	0.00351443392499463	0.00121540153064292	0.958496756606928	0.0186918451788487	0.0228113982142229	0.950645331560744	0.0265341945509432	0.0228204738883129	0.825561481627953	0.0261768468786963	0.00467637387953506	0.143585297613815	0.897484850425121	0.00449548420963843	0.0013566421683592	0.096663023196881
0.854087336394692	0.0751346456102916	0.0344990609759449	0.036278957019071	0.891959323011257	0.0589957871816599	0.0186169357225233	0.0304279540845592	0.729765900415609	0.260962107527511	0.00801355129289985	0.00125844076398018	0.947623676034807	0.0196034439066253	0.0327728800585673	0.970468654448543	0.00713087174596628	0.0224004738054904	0.835868887003668	0.0178044721049793	0.0057211873390076	0.140605453552345	0.878195167074024	0.00768853076844314	0.00567696039997365	0.108439341757559
0.861780759047456	0.0778665766722208	0.0177750759735178	0.0425775883068054	0.895549038493931	0.0553332042731046	0.0166315106011603	0.0324862466318043	0.716603342220215	0.275524424213918	0.00777443184298529	9.78017228812173e-05	0.946468146462014	0.0223035287732229	0.0312283247647629	0.965130885835282	0.0105007698478524	0.0243683443168657	0.832587226394698	0.0220964185464635	0.00129086114035692	0.144025493918482	0.895226585673298	0.00438592231304094	0.00507425624972071	0.0953132357639402
0.856264296519439	0.0805222195840024	0.0203991742478928	0.0428143096486662	0.891743693796123	0.0585073570476473	0.0165108302515793	0.0332381189046508	0.708730724525083	0.274021588571864	0.0150011768047626	0.00224651009828972	0.932161484455809	0.0246094179474373	0.0432290975967531	0.983021787306793	0.000927046310858144	0.0160511663823491	0.830861943822624	0.0174286572541007	0.00538949663233891	0.146319902290937	0.890566424897298	0.00771629374999024	0.00150167914542035	0.100215602207291
0.856882472907077	0.072392735201385	0.0316826355757701	0.0390421563157677	0.893119944247479	0.0555914786213675	0.0187495621484003	0.032539014982753	0.769606716813563	0.220002866126151	0.00773068980671829	0.00265972725356786	0.961523860991898	0.0159740604748488	0.0225020785332529	0.968357558615977	0.00884991248258527	0.0227925289014377	0.825016174806339	0.0270289661285174	0.00116022358273752	0.146794635482406	0.93599258997998	0.00530366320380265	0.00279006523713385	0.0559136815790832
0.847879299999696	0.0712497216764323	0.0341766626741844	0.0466943156496867	0.889676641900556	0.0612812084719451	0.0227490544423546	0.026293095185144	0.711047360092394	0.285485957685502	0.00311274058815982	0.000353941633943714	0.960175759501992	0.0225868123097008	0.0172374281883074	0.982426544649078	0.0049624675189534	0.0126109878319692	0.823003709596533	0.0242680807946404	0.00405898339269824	0.148669226216129	0.916989200491619	0.00319030780597803	0.000445331844452435	0.0793751598579508
0.847913842317475	0.0818467013714997	0.0199788278974678	0.0502606284135572	0.892365690150604	0.0622947138524704	0.0179860867599249	0.0273535092370004	0.680502204315899	0.314786125922972	0.00253107081877723	0.0021805989423525	0.971089492298875	0.0106654417928685	0.0182450659082566	0.964481706664808	0.0145485602550362	0.0209697330801552	0.830144251605311	0.0150205255813994	0.00295274671734025	0.151882476095949	0.896040966027775	0.000805479799273082	0.00117818003832887	0.101975374134623
