0.854989648279842	0.116544869491869	0.0137055783624388	0.0147599038658499	0.878046355449161	0.0617182286242394	0.00920900861333628	0.0510264073132635	0.801830171928423	0.176457470619706	0.0166187964219973	0.00509356102987324	0.98560913404964	0.0109396507633322	0.00345121518702719	0.968089091797383	0.0220662783525782	0.00984462985003842	0.880882469569477	0.0291599885156182	0.0211114260381043	0.0688461158768007	0.816503780116542	0.0192660575354825	0.000930487996890843	0.163299674351084
0.856152464594424	0.113274368221376	0.00832022820587041	0.0222529389783297	0.889486260863137	0.0469331549602014	0.00979085909394243	0.0537897250827188	0.769654184894263	0.210863914837223	0.0137611221838713	0.00572077808464262	0.987208875667982	0.00714126293926565	0.0056498613927523	0.974105188010459	0.00540805623088585	0.0204867557586553	0.869397355962942	0.0306847804746639	0.0364688414600391	0.0634490221023548	0.826499952804098	0.0127010657157691	0.00142316616707159	0.159375815313061
0.85801945799202	0.120185657354484	0.00945041164528709	0.0123444730082092	0.877134203377871	0.0590028191084422	0.0131834180730323	0.0506795594406545	0.756109437511582	0.21864956672815	0.0177240675683198	0.00751692819194871	0.987145799582151	0.0105655611804596	0.00228863923738921	0.95853459659359	0.0148103235626989	0.0266550798437112	0.83214256647513	0.0212170284385308	0.0530065453564138	0.0936338597299258	0.769136072088466	0.00266377820892373	0.000957863476767676	0.227242286225843
0.857806467393018	0.124783994427191	0.012980336365911	0.00442920181387985	0.874470109032607	0.0572478270544815	0.0151959379912114	0.0530861259217006	0.762095132314182	0.20763322124	0.018233412114046	0.0120382343317728	0.990691840235812	0.00591142963867869	0.00339673012550915	0.972029167124217	0.00939592281015836	0.0185749100656242	0.854585728187944	0.0285176229437567	0.0040290572726903	0.112867591595609	0.783970948197468	0.00465233448834784	0.00346283316415005	0.207913884150034
0.880828378202233	0.110028175290697	0.000733157929385166	0.00841028857768434	0.881001475976999	0.0540087202084409	0.0104226703799806	0.0545671334345791	0.773189602072581	0.204203631117012	0.0153504966063462	0.00725627020406023	0.989395720620794	0.00892103845203161	0.00168324092717446	0.968319567345401	0.00788510994765378	0.0237953227069449	0.859993535207481	0.0260166678471331	0.000467048540295217	0.11352274840509	0.807051290195843	0.0126222434583852	0.00226275420451709	0.178063712141255
0.826155408446108	0.149526295879759	0.00760780304094691	0.0167104926331862	0.876338877615782	0.0612579486035889	0.0125241612594348	0.0498790125211946	0.795529423601652	0.181722216655306	0.0185222704546959	0.00422608928834693	0.98917020198291	0.00959864649990166	0.00123115151718807	0.95420191356192	0.0199487755832951	0.0258493108547848	0.867322807610416	0.0281920263660574	0.0235878400118161	0.0808973260117105	0.743068553933261	0.0340298141703321	0.00913765975858403	0.213763972137823
0.863660785414757	0.122289692992132	0.00407514823003277	0.00997437336307806	0.870735704666343	0.0578970910573187	0.0178954201886544	0.0534717840876843	0.784173510239277	0.191523647550378	0.01402583194972	0.0102770102606245	0.990014397304845	0.00297486596803041	0.00701073672712436	0.983887382734058	0.00761840045621517	0.00849421680972657	0.870523886195617	0.027323921703753	0.0135750098447288	0.0885771822559015	0.866751188363797	0.00889553895400692	0.00218786753623726	0.122165405145959
0.857779066439823	0.118782577516903	0.010543272940067	0.0128950831032071	0.873331785434721	0.0612669659181886	0.0176467693544275	0.0477544792926625	0.751150874843849	0.224919818901683	0.0162765208139457	0.00765278544052204	0.992525912079271	0.0047761343951451	0.00269795352558449	0.975406988620603	0.00836863216518619	0.0162243792142103	0.842896074686268	0.0240471938086442	0.0419736481498509	0.0910830833552365	0.806171943784063	0.014500710402693	0.00347518486666314	0.175852160946581
0.859645977282672	0.12792812070401	0.00544137134163274	0.00698453067168593	0.879180252967585	0.0507334974221654	0.0193900230531047	0.0506962265571446	0.758841530311042	0.211537192520509	0.0131609393874677	0.0164603377809803	0.98976679739739	0.00803686964924175	0.00219633295336816	0.963273787816126	0.00575032443561836	0.0309758877482555	0.842703794984363	0.0341125602241166	0.017503613655069	0.105680031136451	0.763066040933294	0.0104803496453861	0.00255935227423265	0.223894257147087
0.87433826862393	0.104699058560162	0.00742891581816559	0.0135337569977417	0.880522385541095	0.0506214024299969	0.0147730786250378	0.0540831334038701	0.805566706507568	0.176943816591501	0.015797263806967	0.00169221309396431	0.994696021184244	0.00355475501339153	0.00174922380236424	0.962642377977716	0.0141289281437078	0.0232286938785758	0.858330821809172	0.0329218044562537	0.0232559278331559	0.0854914459014187	0.810955294696399	0.00696215356618337	0.00348589562836718	0.178596656109051
0.871768159823002	0.121210135951764	0.00643819377831756	0.000583510446916502	0.866477143427119	0.0630446386267218	0.0156380747013437	0.0548401432448159	0.728437191810197	0.246775375108038	0.0123395704018648	0.0124478626798996	0.988478405459822	0.00511256731193457	0.00640902722824348	0.957925284314675	0.0124212690823454	0.02965344660298	0.885453444414177	0.0279620276448815	0.00452183530235842	0.0820626926385834	0.751752616135728	0.0297997518963543	0.00226211190997918	0.216185520057939
0.835454210346983	0.150093968139158	0.010349803804327	0.00410201770953184	0.872235561952305	0.0575017522935309	0.0179139794129526	0.0523487063412118	0.820303466502242	0.160556807682879	0.0126482052025812	0.00649152061229805	0.993231111906546	0.00514697013775437	0.00162191795570012	0.959715550980435	0.00993805427889372	0.0303463947406717	0.884489190578429	0.0259876996945023	0.023450263119962	0.066072846607107	0.769119388658931	0.0438920126700012	0.00142197706805683	0.185566621603011
0.868621157789503	0.115853104505558	0.0115341789262245	0.00399155877871448	0.877878835796833	0.050214538032902	0.0176391116578491	0.0542675145124162	0.709774577045409	0.268468660142592	0.0126134242487818	0.00914333856321728	0.984711862636168	0.00754724035109926	0.00774089701273302	0.960538543627562	0.00674004146991448	0.0327214149025233	0.866202308391746	0.0319808849065329	0.0286332526012432	0.0731835541004776	0.811500794285678	0.00959811629633661	0.00387974131362772	0.175021348104358
0.852646541222246	0.110382392451532	0.0118476214045071	0.0251234449217153	0.895716118099419	0.0434074658892371	0.0152541176827897	0.045622298328554	0.741736429886073	0.237899901363205	0.0157494281738871	0.00461424057683521	0.979766446857023	0.0128660387615198	0.00736751438145742	0.952212783428342	0.0165259591092256	0.031261257462432	0.885279123647886	0.014834087944328	0.0100196464577371	0.0898671419500491	0.794901923811724	0.0276762525197113	0.000267972178612525	0.177153851489952
0.865547708512457	0.117498448871264	0.0104508133128525	0.00650302930342587	0.885092645991737	0.0472597939980065	0.0122072357996836	0.0554403242105733	0.750758407116817	0.22289844400836	0.0198623729792015	0.00648077589562115	0.983084141005098	0.0140467654366776	0.00286909355822439	0.957419514849474	0.00975592233135058	0.0328245628191759	0.851604804390902	0.0260259145752534	0.0330690340131689	0.0893002470206755	0.815543899020561	0.000819663987373385	0.000713818252167673	0.182922618739897
0.840629237067055	0.130060329877124	0.00935149638265625	0.0199589366731647	0.8722733369752	0.058948719904932	0.0142668634859639	0.054511079633904	0.73813618697741	0.239388778762454	0.00749273285828036	0.0149823014018561	0.996830983440912	0.0017708325885182	0.00139818397056999	0.959552833982877	0.0188813549879457	0.0215658110291778	0.871007045439271	0.0244986380648291	0.0245749555365	0.0799193609593997	0.735463783826588	0.0255542092257805	0.00308820697247603	0.235893799975156
0.854649902554005	0.122696843012397	0.012507823487855	0.0101454309457437	0.894252128370974	0.0401519556821646	0.0110372217508975	0.0545586941959637	0.776411312185472	0.20574047613919	0.0164262576051662	0.00142195407017249	0.992342596368984	0.00244359795831822	0.00521380567269832	0.970964795125855	0.00504139433237013	0.0239938105417746	0.888879490425237	0.0314228289231403	0.00901420559110787	0.0706834750605149	0.759311302048659	0.0197170403656464	0.00260499341799933	0.218366664167695
0.85950782957852	0.115251659356298	0.00560890711597665	0.019631603949205	0.868234030665976	0.0632790723024424	0.0160208479922394	0.0524660490393419	0.752491186752254	0.212821525503482	0.0223274279380959	0.0123598598061685	0.992511677194633	0.00422868342084116	0.00325963938452553	0.964482030814341	0.00294711910987644	0.032570850075783	0.864463874071006	0.0283834881769604	0.00837689831999934	0.0987757394320345	0.781418290558438	0.0119188069434417	0.000651339037284287	0.206011563460836
0.874953695984404	0.111266495042732	0.0137733056382545	6.50333460938555e-06	0.894773734751166	0.038078134955562	0.0124480625334768	0.0547000677597951	0.792116447979435	0.190791661634655	0.0139602000021325	0.00313169038377743	0.987206341006431	0.0101503306283934	0.00264332836517544	0.951134122378759	0.0210379946428549	0.0278278829783856	0.867822627620291	0.0305319913337469	0.0223192454285778	0.0793261356173837	0.788062462907411	0.0129690786233514	0.00172835209625682	0.19724010637298
0.86686579383796	0.116863464673544	0.00317412711687432	0.0130966143716224	0.877155659005379	0.0566323729140397	0.0147071431737238	0.0515048249068577	0.760238847715601	0.206321317162376	0.017689267985527	0.0157505671364955	0.988271306763988	0.0104812032197039	0.00124749001630809	0.961085177899202	0.0120267825802724	0.0268880395205257	0.86749130106916	0.0242167713472489	0.0228199110762026	0.0854720165073883	0.790373156296976	0.0192256936301865	0.002595783608461	0.187805366464377
0.845631034706109	0.12815300324961	0.00630310497625379	0.0199128570680273	0.880218661937649	0.0568233173047986	0.0079410855392641	0.0550169352182889	0.73347114504934	0.245929563039582	0.0139951476146806	0.0066041442963967	0.99144893440287	0.00400094562394899	0.0045501199731811	0.971436139102569	0.0141594310979278	0.014404429799503	0.866316486454893	0.0257484614924763	0.0230389593189066	0.0848960927337239	0.807595249792709	0.00622718523656984	0.00530654556654696	0.180871019404174
0.862061418788922	0.101619173609959	0.00942795683744368	0.0268914507636747	0.878390987326555	0.0604234279622411	0.0127735043473768	0.0484120803638273	0.771583131593964	0.201256256434774	0.0217237013301441	0.0054369106411185	0.987170052999089	0.00822840800703184	0.0046015389938794	0.971794772210958	0.00939915293769663	0.0188060748513451	0.865364220238408	0.0208262724554737	0.0273082209863686	0.0865012863197492	0.821807506109736	0.0373458676246994	0.00174295552866327	0.139103670736902
0.85246091229093	0.127177586627646	0.00806774726276509	0.0122937538186595	0.871476260029192	0.0600056712224828	0.0130996584814839	0.0554184102668413	0.744419650763704	0.235668822468707	0.0177280707485543	0.00218345601903448	0.9829188485059	0.0138740542327828	0.00320709726131746	0.953629894137346	0.0142068642157583	0.0321632416468953	0.84904460050045	0.0284238039528972	0.0243365277961319	0.0981950677505205	0.747940636978901	0.0246123292488119	0.00197549790621224	0.225471535866075
0.879617288361339	0.111685062518526	0.00568142873958386	0.00301622038055084	0.883693136477807	0.0430445048730212	0.014328368258909	0.0589339903902628	0.743802264666003	0.236637283160257	0.014448864278621	0.00511158789511923	0.980532160981406	0.0137188688023247	0.00574897021626921	0.966194047157961	0.0145530642812178	0.0192528885608213	0.890968576065853	0.0224886262101293	0.00228647980257869	0.084256317921439	0.792236462993687	0.0193902166414958	0.00537251214640341	0.183000808218414
0.842243153145312	0.134561793450914	0.00777233263819369	0.015422720765581	0.877999462975379	0.0534153024188389	0.0157470172632096	0.0528382173425721	0.789712366940106	0.185099937631959	0.0157306234197453	0.00945707200818958	0.985046595788654	0.00980554137917873	0.00514786283216708	0.967986467788707	0.00962109152242946	0.0223924406888639	0.865212298007495	0.0201436571450916	0.021234033072886	0.0934100117745278	0.807459486899045	0.0116514283148543	0.00198884860390034	0.178900236182201
0.858654099271862	0.109565133943536	0.00426570477638974	0.0275150620082124	0.881966380892436	0.0605865829782163	0.01299334814298	0.0444536879863679	0.775790029268919	0.197489353634657	0.0164187851328672	0.0103018319635566	0.9871578764341	0.0084475216845685	0.00439460188133135	0.951532126582023	0.0116614205195544	0.0368064528984227	0.885109495012276	0.0302754282490363	0.0215954087332374	0.0630196680054502	0.792694379155398	0.0249423826052515	0.00159616504377804	0.180767073195573
0.8545477083901	0.128458572765974	0.0122739396176298	0.00471977922629678	0.880779116260244	0.0487371078364315	0.0160354080222952	0.0544483678810297	0.772256253977512	0.205955174826618	0.0136000413732064	0.00818852982266335	0.989740641362694	0.00909405590676546	0.00116530273054022	0.951012049339751	0.0146522280470199	0.0343357226132293	0.86203711435779	0.0243471300861838	0.0370674735084809	0.0765482820475456	0.817899947840782	0.00027366020226616	0.00128416411955644	0.180542227837395
0.864602349478994	0.12176343617172	0.0049981457595778	0.00863606858970841	0.872814450347075	0.0625952564253465	0.0112127152800452	0.0533775779475335	0.840872367238744	0.144756595749153	0.0126266982922866	0.00174433871981716	0.992830397313209	0.00217315504570531	0.00499644764108605	0.96010708642196	0.0169371425633428	0.0229557710146973	0.857445035416225	0.0254319026979662	0.0239687059136927	0.0931543559721156	0.755560255184332	0.0191081529513969	0.000370932385350176	0.224960659478921
0.881806623670233	0.09740037192951	0.00997388472582012	0.0108191196744367	0.888987741531078	0.0468058008392917	0.0102102883270133	0.0539961693026169	0.787502146924307	0.183677844399465	0.0163735567807872	0.0124464518954407	0.98867817281659	0.00932974109906221	0.00199208608434808	0.968059246305632	0.00343272887901165	0.028508024815356	0.829260991335545	0.0273704715926626	0.0291979177996613	0.114170619272131	0.787666355313674	0.00655388051739959	0.00298678996142183	0.202792974207504
0.839535077977592	0.133618288843664	0.0129924740847177	0.0138541590940263	0.884579208633249	0.0490584438203245	0.00855450032699217	0.0578078472194345	0.746335767540086	0.232271898288209	0.014504092598563	0.00688824157314202	0.981093220636586	0.0118403843117627	0.00706639505165162	0.96862937201838	0.0095406583367789	0.0218299696448414	0.841147694423952	0.0304051741735678	0.0256790879454794	0.102768043457001	0.796519294123246	0.00676703961649227	0.00390393214331735	0.192809734116944
0.859600311193204	0.121622936123789	0.00775342773568193	0.011023324947325	0.881272522167396	0.0521674558796092	0.0127965059071522	0.0537635160458422	0.770091273291538	0.206213152632351	0.0150844985245292	0.00861107555158237	0.988890626422693	0.0072410282104422	0.00386834536686526	0.961324355208551	0.0115434263412868	0.0271322184501624	0.864638848505116	0.0293242790650831	0.00207970605468047	0.10395716637512	0.78900428877991	0.00545040320156593	5.59692689221477e-05	0.205489338749602
0.846317365570258	0.127857282491735	0.00918970864148021	0.0166356432965274	0.877943637890155	0.0580293169688649	0.0107137337712718	0.0533133113697079	0.755017159230181	0.220241703328834	0.0162657056819939	0.00847543175899118	0.993361533002667	0.00511312443475919	0.0015253425625738	0.959915254228116	0.0123700562185559	0.0277146895533285	0.884674153988824	0.0229474609763152	0.00914739987767962	0.0832309851571806	0.799309435278626	0.00605648780958842	0.000949957051621137	0.193684119860164
0.843338223669055	0.128949711648667	0.011378006653538	0.0163340580287402	0.875470923201072	0.0572677089026313	0.0191250166732962	0.048136351223	0.733176471133438	0.247938696846099	0.0119359732594717	0.00694885876099181	0.987432069957542	0.0100022605392957	0.00256566950316188	0.947838258682292	0.0233214718530865	0.028840269464621	0.856755906066152	0.0303123155610642	0.0226589601132454	0.090272818259538	0.767121929682821	0.0132196623299535	0.00241566201395933	0.217242745973266
0.854882080562785	0.126030939843759	0.0112615911050779	0.0078253884883777	0.875876797249822	0.0593939597094304	0.0118236882732318	0.052905554767516	0.73978812093414	0.24154201854571	0.0180411997696204	0.000628660750529319	0.983268686174914	0.0108525234485962	0.00587879037648921	0.970648986614317	0.0106926925817323	0.0186583208039511	0.86391318569371	0.0304181724798656	0.0356476227652577	0.0700210190611665	0.809912369911851	0.00162272224443894	0.0036436011504315	0.184821306693279
0.853200112029609	0.139353653169727	0.004732138456536	0.00271409634412833	0.879345483995999	0.0516026237653684	0.0154205198341272	0.0536313724045052	0.725487602983941	0.25488742024115	0.0150754837082603	0.0045494930666488	0.991324168628316	0.00681924519841178	0.00185658617327197	0.983643350772383	0.00188807368690955	0.0144685755407074	0.862033961064379	0.0250760011231141	0.0242060448348744	0.0886839929776326	0.786621746433133	0.00999529963212986	0.00417420635450765	0.199208747580229
0.868784942345993	0.112570882333855	0.00844870111255035	0.010195474207601	0.890435620759236	0.0455419136047652	0.0126493312569235	0.0513731343790755	0.796683462494137	0.183279566154707	0.0144400064572964	0.00559696489385979	0.986773296921124	0.00619370960602795	0.00703299347284786	0.956380023926073	0.0164593500808726	0.0271606259930541	0.867441362121976	0.0316726008416412	0.000852177509622244	0.100033859526761	0.798341892882906	0.0111513380499071	0.00271182092599798	0.187794948141189
0.836488474720546	0.132583183608961	0.00601044742924364	0.024917894241249	0.88068164564127	0.0561545777924612	0.0132140779888975	0.0499496985773708	0.808428387079113	0.175955329131564	0.0123463806541244	0.00326990313519825	0.985412634537559	0.0107004677775274	0.0038868976849132	0.955055581680072	0.0229763175886055	0.0219681007313224	0.852059542656734	0.028657468239432	0.0127433874062421	0.106539601697591	0.767768157663928	0.0253980344571817	0.00251904662584707	0.204314761253043
0.886490866397084	0.0967833923868619	0.00523481438966636	0.0114909268263877	0.876569488109529	0.0566352215857512	0.01273857347279	0.0540567168319299	0.831332337781265	0.147568602701495	0.0143900058231185	0.00670905369412128	0.996281017032369	0.00299152440831846	0.000727458559312353	0.955056741831572	0.0219178654805626	0.0230253926878658	0.843385604985435	0.0286852490708178	0.0264326754213836	0.101496470522363	0.764541234918943	0.0216137086097967	2.3144945379631e-05	0.213821911525881
0.873872030386824	0.103390733030025	0.0104904297942491	0.0122468067889023	0.884722474220543	0.0555502176271746	0.00979454620200698	0.0499327619502755	0.706720036293426	0.280659909881538	0.0102500864752982	0.0023699673497376	0.992539072020356	0.00626437474781436	0.00119655323182918	0.953736961586976	0.0157388589598745	0.0305241794531494	0.86256707687229	0.0280311502499029	0.0143041275977119	0.0950976452800949	0.801808329600472	0.032334551744392	0.000509333860808354	0.165347784794328
0.819787539335388	0.151130296711602	0.00637287324972187	0.0227092907032886	0.872117774457398	0.048969621797059	0.021922070556816	0.0569905331887271	0.768861842487579	0.207936214340668	0.013904323076005	0.00929762009574805	0.99787008093653	0.00159453860336855	0.000535380460101777	0.955687959711323	0.0168635483589019	0.0274484919297749	0.873224443679014	0.0240914844405633	0.0204969888058951	0.0821870830745276	0.787756910987061	0.028848212082186	0.0027053634528889	0.180689513477864
0.861517306068131	0.120679369056024	0.00300521917740923	0.0147981056984359	0.875260233485739	0.0605996834278791	0.0128371529989279	0.051302930087454	0.81382828008376	0.16613392651131	0.0141030799039253	0.00593471350100406	0.993248969338979	0.00623573617604904	0.000515294484971917	0.960805769454666	0.00491858430453064	0.0342756462408035	0.843437985733717	0.0291145839578154	0.0132878685555146	0.114159561752953	0.776355962781193	0.0269492665122262	0.00250993414789375	0.194184836558687
0.874693004857612	0.116997200940828	0.00428217641585967	0.0040276177856998	0.888432926857719	0.0410772716996714	0.0182528590010393	0.0522369424415702	0.776416117200417	0.200850860902328	0.0136520348419017	0.00908098705535287	0.984578763235224	0.00810412563819	0.00731711112658606	0.967179306587299	0.00869222966750718	0.024128463745194	0.846116630938772	0.0234565299126472	0.0248422161588411	0.10558462298974	0.743261178322188	0.0144145428408703	0.00423597792555154	0.23808830091139
0.8664237397772	0.119729524539386	0.00813720780963197	0.00570952787378268	0.891779340505561	0.0447864705551332	0.0096136941286786	0.0538204948106277	0.806801590434149	0.168713162796266	0.0167309553099276	0.00775429145965708	0.988907644209959	0.00884711098675145	0.00224524480328994	0.967579350679239	0.00452181189016873	0.0278988374305928	0.87318973303203	0.0261950186115123	0.01493613685843	0.0856791114980281	0.785802899856198	0.00213385216275069	0.000497824860493323	0.211565423120558
0.865380620659687	0.116927477518805	0.000750693213467747	0.016941208608041	0.873275258158218	0.0557690223643028	0.0164440606155458	0.0545116588619335	0.796304526044434	0.181164894106881	0.0131423696077279	0.00938821024095675	0.994451936972749	0.00251682411448171	0.00303123891276928	0.964932130311142	0.0164698508707919	0.0185980188180665	0.864623100971116	0.0222131163071484	0.0268026047504636	0.0863611779712721	0.7662959226782	0.00232801107973375	0.000308266642354379	0.231067799599712
0.823268392351289	0.142449956272082	0.00642028962066863	0.0278613617559602	0.887559177633956	0.0438001719578144	0.0155994487506369	0.0530412016575926	0.79777556372943	0.178915260686692	0.0174966866743494	0.00581248890952901	0.983834468073268	0.0108686377039009	0.00529689422283155	0.977445380146943	0.00195299359110128	0.0206016262619557	0.839950500218917	0.0225381430694833	0.0291244065627339	0.108386950148865	0.807740967488569	0.0130067284468955	1.17624087375228e-05	0.179240541655798
0.850843874045309	0.115187249614224	0.00972529449032763	0.0242435818501396	0.883008082050965	0.0504599471127022	0.0192104006927919	0.0473215701435411	0.725751076123978	0.248244987543825	0.0143356405581763	0.0116682957740208	0.984429766004482	0.00785649108573565	0.00771374290978241	0.963911029859138	0.0176206336729736	0.018468336467888	0.853844059510725	0.0334336664163452	0.0232954721795999	0.0894268018933301	0.858590720901541	0.00242849036048367	0.00103031971943194	0.137950469018544
0.890018776542428	0.0983294442262864	0.00878819343705506	0.00286358579423091	0.875986201758963	0.0573203276522835	0.0165352767615911	0.0501581938271621	0.762021038270288	0.222471615433122	0.010513941310236	0.00499340498635365	0.99041888130852	0.00351562940455871	0.00606548928692115	0.955310493037793	0.016432231808826	0.0282572751533807	0.895753102147077	0.0363760058589879	0.00760344800563549	0.0602674439882992	0.836952002241197	0.012898431194575	0.000435054451891603	0.149714512112337
0.864346485408087	0.11392157113468	0.0152678596804474	0.00646408377678642	0.871742506700098	0.0626995827804554	0.0122029935581546	0.0533549169612921	0.778487195248209	0.198195497766952	0.0168981789977543	0.00641912798708458	0.981425002498157	0.0146569609215939	0.00391803658024874	0.969959556709901	0.0100820627762437	0.0199583805138554	0.864414584815225	0.025722012048991	0.0180889216365299	0.0917744814992543	0.823546241934294	0.0071627285935464	0.00103276905026682	0.168258260421893
0.858737434403912	0.120386575531083	0.00567212074687218	0.0152038693181323	0.86659458403319	0.0682164873784376	0.0143379427971388	0.050850985791234	0.75641915364917	0.215402518091826	0.01759057683624	0.0105877514227639	0.994253074893737	0.00317619334724975	0.00257073175901344	0.955009038686782	0.0106543630016256	0.0343365983115928	0.844385882933421	0.0394170269984445	0.0220226244144119	0.0941744656537227	0.85026606352946	0.000966685234517101	0.00277165707996942	0.145995594156054
0.853155613911681	0.112804374342915	0.00571541297562021	0.0283245987697836	0.878407067633011	0.0619615068229488	0.00901206071306289	0.0506193648309777	0.798538822390393	0.182601632212145	0.0111583793920198	0.00770116600544249	0.981098435138664	0.011499496540098	0.00740206832123767	0.951171790486341	0.0162801036010479	0.0325481059126115	0.892680220718705	0.0230430274901687	0.00435090984332083	0.0799258419478056	0.826384071839879	0.0110597324277025	0.00431764704404658	0.158238548688372
0.865272751255536	0.111085054200501	0.0116668398088427	0.0119753547351196	0.886150786252478	0.0438939104942874	0.0192319754960456	0.0507233277571886	0.708730508588469	0.268672197207808	0.0162015485971161	0.00639574560660723	0.99182832324823	0.00629375555720213	0.00187792119456754	0.968872439128988	0.00724407841644286	0.0238834824545688	0.865625966882976	0.0278206611395378	0.0211393886165917	0.0854139833608945	0.828538444465036	0.0221540037838714	0.000498086083275337	0.148809465667817
0.861859097805618	0.120497803682024	0.00379778226341848	0.0138453162489405	0.868868913407889	0.064814729058892	0.0151566729434148	0.0511596845898044	0.718271143162506	0.261964860321283	0.0142793615810008	0.00548463493520958	0.977032848993076	0.0156717779283964	0.00729537307852756	0.956535379779227	0.0144769520694979	0.0289876681512748	0.855877301925321	0.0273264792018454	0.00866255613914561	0.108133662733688	0.82810638770695	0.0333282563800805	0.000412556973045592	0.138152798939924
0.868454799289433	0.128204416260481	0.00308594515788059	0.000254839292204999	0.879040477074477	0.0577356407008437	0.00955623148336218	0.053667650741317	0.811561227887882	0.168564666520881	0.0136546492500217	0.00621945634121482	0.986661352443419	0.00989341076773593	0.0034452367888449	0.951449513400109	0.0151217777897755	0.033428708810116	0.893534082404134	0.0339921742967565	0.0102635873861237	0.0622101559129853	0.785844806215082	0.0318082869262484	0.00370552848696926	0.1786413783717
0.844862356208897	0.121380981286046	0.00742026239825747	0.0263364001067991	0.874615162245776	0.060900789621724	0.016204537407183	0.0482795107253164	0.780083789146962	0.200121206189591	0.0115854920553675	0.00820951260808033	0.993403442841691	0.00261975113481378	0.00397680602349518	0.971532579890169	0.0183277975123942	0.0101396225974364	0.872245628027126	0.0344558898707433	0.00888042584428464	0.084418056257846	0.764003317021065	0.0229376155382032	0.00242139406001014	0.210637673380722
0.872435749004186	0.116430832644482	0.00956228246079719	0.0015711358905345	0.877484470572263	0.056895860415225	0.0170605739229853	0.048559095089527	0.752116148605763	0.223511165988766	0.0181091590026518	0.00626352640281963	0.991475213028761	0.0059106149721172	0.00261417199912147	0.962001198096006	0.0105479481256865	0.0274508537783075	0.854966357216133	0.0255978772225132	0.00936772574143006	0.110068039819924	0.791403592617758	0.00794993185056589	0.000284124806336167	0.20036235072534
0.854772318920192	0.124145071923178	0.00762086376568324	0.0134617453909466	0.882495837369501	0.0577274005756061	0.0110929137761825	0.0486838482787103	0.778587462665116	0.193330794217421	0.020683552703903	0.00739819041355964	0.990465524151487	0.00593419000696509	0.00360028584154796	0.980125612431422	0.00744164792606043	0.0124327396425177	0.847269671512047	0.0291579236311657	0.0142563055762964	0.109316099280491	0.74901285322004	0.0288031125920319	0.00198319445347343	0.220200839734455
0.85726770920388	0.130546450369326	0.000429804208714532	0.0117560362180796	0.877945559466205	0.0577167553048851	0.0148558143526056	0.0494818708763042	0.749165936772321	0.240474372462741	0.00686843550674598	0.00349125525819232	0.997438493259438	0.00124752369273761	0.00131398304782401	0.953556847224418	0.0193268473371897	0.0271163054383925	0.880235337001714	0.0274590673623145	0.00819895962424613	0.0841066360117254	0.757970352673049	0.0256918203438823	0.00382647897750202	0.212511348005567
0.855194427322288	0.132530197785553	0.00396786680185667	0.00830750809030239	0.908671514407223	0.0331572441478264	0.0070384570564487	0.0511327843885014	0.758317255751197	0.218504712248094	0.0150619975214683	0.00811603447924085	0.987146360515697	0.00845585305473749	0.00439778642956553	0.980988996140299	0.00525244649709753	0.0137585573626039	0.858921845155421	0.0289977525450361	0.0293666457594605	0.0827137565400826	0.814165019019473	0.00202620597460418	0.00640196655556757	0.177406808450356
0.863093193109767	0.114036277224271	0.00564655285124007	0.0172239768147223	0.869476951777919	0.0620764315271396	0.0102907624280971	0.058155854266844	0.787026467779495	0.192418756197958	0.0189211962452681	0.00163357977727834	0.983509132239601	0.0118957305412739	0.00459513721912478	0.958616604827882	0.0117995006086509	0.0295838945634671	0.890203255352132	0.0260977851366561	0.00445352060414756	0.0792454389070645	0.787150135467164	0.024263288997428	0.000506754413083941	0.188079821122325
0.866431412666425	0.113705152073402	0.00508337247668827	0.0147800627834845	0.869931172409057	0.0623162533072772	0.0142249942735877	0.0535275800100779	0.714496628582587	0.261062707628365	0.0216309407285323	0.00280972306051557	0.992571911378738	0.00555417607387622	0.00187391254738541	0.97069707585065	0.0105817584907039	0.0187211656586458	0.84074776484138	0.0335388181191362	0.0362994217018911	0.0894139953375921	0.74447763273044	0.0114573963132928	0.000490045614653153	0.243574925341614
0.832255020580231	0.137675327608422	0.0122880398446148	0.0177816119667318	0.893088762020847	0.0389150933796334	0.0201881259531814	0.0478080186463383	0.758854201275926	0.211916342514755	0.0214783252089767	0.00775113100034259	0.994722909003107	0.0038574820946465	0.00141960890224597	0.964524884889571	0.0116318045508366	0.0238433105595922	0.895484121323627	0.0311076614926837	0.0161464664942884	0.0572617506894012	0.779040633823756	0.0112913830896555	0.0076476646700068	0.202020318416582
0.855158860149772	0.116615533269012	0.00605230440148909	0.0221733021797268	0.877968730084946	0.0527844594816543	0.0181617749121266	0.0510850355212727	0.770820430155935	0.205396601274261	0.0149953477133868	0.00878762085641699	0.988922717143645	0.00986150022226383	0.00121578263409085	0.964087062028536	0.00902106193920191	0.0268918760322617	0.881361417557711	0.0371537264602402	0.00313335321804031	0.0783515027640082	0.825440746662055	0.0081535296204537	0.000556066015751933	0.165849657701739
0.863505213896253	0.116333882185754	0.00552514274735003	0.0146357611706425	0.890336786606221	0.0453835685535147	0.0133045039146376	0.0509751409256271	0.754989293253215	0.219854375115923	0.017853693547422	0.00730263808344043	0.985267990930944	0.00786348684556354	0.00686852222349221	0.962210035233251	0.0108495500241739	0.0269404147425755	0.882175176740246	0.0235996327344524	0.0137312073030463	0.0804939832222551	0.783822118963422	0.0218593665570344	0.00173273445329035	0.192585780026253
0.850163331432851	0.123391754035888	0.00637171185353143	0.0200732026777291	0.890116055083226	0.0473173021410706	0.00988457004690583	0.0526820727287978	0.743685477190777	0.229893028188823	0.0161126898115611	0.0103088048088383	0.987932056573711	0.00480620648336771	0.00726173694292123	0.962987603192897	0.00774603943123767	0.0292663573758657	0.850108524576555	0.031564667769738	0.0286580006173688	0.0896688070363382	0.807894613588235	0.0149705960369595	0.00465712354174402	0.172477666833062
0.846067889555955	0.136388080997174	0.00769548023344099	0.0098485492134302	0.875496346078081	0.0569694661868212	0.0170213472983278	0.05051284043677	0.772848436227102	0.205063990463387	0.0175255264448448	0.00456204686466674	0.994989711269183	0.00371575586283207	0.00129453286798487	0.962188888803798	0.0139263983560098	0.0238847128401917	0.8498816129258	0.0284126481521963	0.0213228673438477	0.100382871578156	0.828305286406431	0.0138974101889045	0.00210562052796579	0.155691682876699
0.869493813733824	0.122342977471695	0.00745091847921549	0.000712290315265333	0.866194349829151	0.0681319630542113	0.0124349707921131	0.053238716324525	0.736854040177211	0.237926158606696	0.0177061557831742	0.0075136454329192	0.985407097291904	0.0127835261337644	0.00180937657433186	0.958302327369228	0.0140525874675768	0.0276450851631949	0.859751499992344	0.0296328957787649	0.024132743847667	0.0864828603812242	0.80957536350982	0.0115356042093137	0.00048512462719529	0.178403907653671
0.878200411387061	0.111882949992956	0.00335720065332097	0.00655943796666198	0.883836350544667	0.0544813615765832	0.014543915168329	0.047138372710421	0.763158396712317	0.20737969370764	0.0147062283877498	0.0147556811922932	0.983963398728017	0.00885541591509545	0.00718118535688772	0.956459182963407	0.0106652454974432	0.0328755715391499	0.871658908405423	0.0246885463966316	0.0222903300429773	0.0813622151549684	0.863986567919316	0.00854779721795672	0.00135935433433204	0.126106280528395
0.848830049259756	0.129934705697621	0.0155389414228735	0.00569630361974989	0.867243499206321	0.0689725897724393	0.0142286145466562	0.0495552964745831	0.768778619825091	0.212188440046492	0.0115692525375885	0.00746368759082898	0.990516562476449	0.00545960512498685	0.00402383239856413	0.959686209356884	0.0152915162143327	0.0250222744287833	0.867094358281681	0.0357856010493732	0.0159054478239027	0.0812145928450435	0.821311986940381	0.0130555414985632	0.00474140392920862	0.160891067631848
0.868705486958149	0.111897197377452	0.0089810434521628	0.010416272212236	0.872364006185441	0.0601880128224162	0.014075131519991	0.0533728494721519	0.755072831698765	0.224019781277993	0.00898341308335523	0.0119239739398866	0.991058437153812	0.00882363397567828	0.000117928870510185	0.96609511823284	0.0106617238580989	0.0232431579090608	0.831544665044029	0.0281503260603919	0.0372580441903858	0.103046964705193	0.825804523326962	0.028797150747213	0.00166502927360862	0.143733296652216
0.861938563270996	0.119481206129235	0.00783053793778847	0.0107496926619812	0.878454868145413	0.0523297827723091	0.0193941377518937	0.0498212113303845	0.735795311885972	0.2388533525264	0.0148434304616988	0.0105079051259291	0.991747191924892	0.00821998178633221	3.28262887758829e-05	0.967667993130312	0.0113609168790614	0.0209710899906265	0.857111878875417	0.0262694897506928	0.0234925500903432	0.093126081283547	0.825471380400296	0.00200895298893839	1.41328093850119e-05	0.172505533801381
0.863473338869683	0.129344784394094	0.00407924921024488	0.0031026275259782	0.889814844910167	0.0452962544752573	0.013987550943305	0.0509013496712707	0.791705979651681	0.186993751003342	0.0167756544634831	0.00452461488149433	0.98330022285211	0.0124931467886547	0.00420663035923544	0.96752899732152	0.00607063635283583	0.026400366325644	0.881477402595063	0.0262561149843785	0.00621789474815984	0.0860485876723986	0.758051702294654	0.0306426883724637	0.00482985377046966	0.206475755562413
0.85972714299617	0.12382510601621	0.00728788174007918	0.00915986924754047	0.885576771773369	0.0494308240620667	0.0105648381060474	0.0544275660585167	0.703352410807566	0.266509407024488	0.0176679100750075	0.0124702720929388	0.981028143434472	0.00848035164523494	0.0104915049202935	0.966545765369591	0.0123837409314496	0.0210704936989593	0.828193393439113	0.0275993730846541	0.0229481808548696	0.121259052621363	0.834222257091867	0.0065096436277823	0.00149621061018639	0.157771888670164
0.85821855747267	0.120094736847247	0.0124070130146686	0.00927969266541459	0.879086224297573	0.0489211943260656	0.0170182713519019	0.0549743100244597	0.764946797510046	0.218922551427092	0.0110750703434871	0.0050555807193751	0.984501171401615	0.00776570185671522	0.00773312674166938	0.960301887216538	0.0123163856726124	0.0273817271108499	0.868340255315941	0.0212862316726121	0.0257081458124199	0.0846653671990273	0.811307720677026	0.0336915471111702	0.000231449669350328	0.154769282542453
0.872627832699413	0.12440487429783	0.00175371172524096	0.00121358127751588	0.885106319839923	0.0468075400159778	0.015734205170319	0.0523519349737799	0.758656669832745	0.21326051391016	0.0201281251351878	0.00795469112190738	0.980958039580329	0.0146783558064274	0.00436360461324362	0.960178682294022	0.0127985388023934	0.0270227789035842	0.859568455625908	0.029490101060025	0.0239447838739954	0.0869966594400715	0.81921042388554	0.00504101044621835	0.00490798100631678	0.170840584661925
0.862043684217615	0.118703235314742	0.0148516784734564	0.00440140199418655	0.880160939724364	0.0596353522525247	0.010472833029828	0.0497308749932837	0.751799835225868	0.221997502726992	0.0185206408652975	0.00768202118184142	0.984888775743214	0.00912150069681669	0.00598972355996906	0.979117166746182	0.000721028530008468	0.0201618047238098	0.860838843184287	0.0292580374466572	0.0137427704704641	0.0961603488985911	0.791137399220151	0.021764835548763	0.000683123595656687	0.18641464163543
0.819886001907026	0.144799311045149	0.0129922754473406	0.0223224116004847	0.870947039357917	0.059952582948914	0.0185831509859754	0.0505172267071936	0.754935985561213	0.219907242282179	0.0144296917158805	0.0107270804407271	0.991057718843428	0.00490761372909623	0.00403466742747565	0.963124955382371	0.00884027593869406	0.0280347686789348	0.849005247973029	0.0296545167842317	0.0319138374335221	0.0894263978092171	0.773713479594568	0.0216941953538788	0.00622075551334049	0.198371569538212
0.862152312511721	0.123136963252813	0.00499582228674861	0.00971490194871678	0.868665334404363	0.0628831023428807	0.0161307143706628	0.0523208488820938	0.791172784958489	0.184089589634286	0.0172935278700924	0.00744409753713309	0.993724040954858	0.0019081040603951	0.00436785498474675	0.96885036171842	0.0122023074269648	0.0189473308546151	0.866252637734783	0.032220877165798	0.0109868264581831	0.0905396586412359	0.835586830001813	0.00581579045702037	0.00442775681528331	0.154169622725884
0.831748292368612	0.147125385274862	0.00857913067986371	0.0125471916766622	0.881517396323756	0.0448912065316765	0.018087364384901	0.055504032759666	0.789476386870059	0.188482510676085	0.0174671243160824	0.00457397813777319	0.990329941444777	0.00650254138780251	0.00316751716742054	0.958468925659213	0.0151286563914573	0.0264024179493301	0.848706283307657	0.024277676774156	0.0331856013241447	0.0938304385940423	0.833557642031622	0.0104321477470136	0.00203875024596896	0.153971459975396
0.853374236914998	0.120700739702229	0.00949561020060731	0.0164294131821657	0.875093115528752	0.0569453693100211	0.0134472551718354	0.0545142599893911	0.69785756534941	0.284522978540721	0.0170659653471025	0.00055349076276646	0.983497141452014	0.0113108317236192	0.00519202682436656	0.965218925845247	0.0118216698992501	0.0229594042555025	0.892653268805137	0.0428077049721818	0.0322785709053496	0.032260455317332	0.796650330995759	0.0177419960302005	0.00167222894521211	0.183935444028828
0.864647298690073	0.124255315058457	0.00171979810580419	0.00937758814566561	0.888404183202519	0.0425584422573617	0.0152250566204066	0.0538123179197128	0.786477887378563	0.187554367636841	0.0171035867740856	0.00886415821051021	0.982189135176176	0.011859543069858	0.00595132175396641	0.955949301885369	0.0160945606192476	0.0279561374953835	0.856177994531011	0.0228252878775106	0.0301130117062926	0.0908837058851858	0.805547616345084	0.0395492564317679	0.00467355367639532	0.150229573546753
0.845607992112066	0.120452388839068	0.00917419576540524	0.0247654232834611	0.869758390804606	0.0589580340563898	0.0203107361319613	0.0509728390070426	0.737490880155534	0.241047001938653	0.0178266279581461	0.00363548994766699	0.985339570972739	0.0087052079200398	0.00595522110722096	0.966282087455109	0.010768590577611	0.0229493219672801	0.878152181752531	0.0248818383262421	0.0255056104999239	0.0714603694213035	0.78609833443991	0.00226006887278567	0.0036467512791853	0.207994845408119
0.848877068102404	0.126899009328163	0.00671515378713331	0.0175087687823	0.874166552605	0.0569843384783133	0.0175767515948866	0.0512723573218002	0.775239187067969	0.201827763941312	0.0156129288128178	0.0073201201779018	0.986004517431928	0.00798916565598982	0.00600631691208177	0.963766543975047	0.0196929176539849	0.0165405383709682	0.877123337897344	0.0310894178978203	0.0186597197458101	0.0731275244590256	0.810876138548049	0.0201098938068172	0.00169485909342492	0.167319108551709
0.843098909034706	0.12566958795391	0.00974002393809875	0.0214914790732848	0.880329502520685	0.0556399534608131	0.013996672706972	0.0500338713115297	0.753719242878226	0.227230370916577	0.0136616115627674	0.00538877464242941	0.992916740724887	0.00564831909932308	0.00143494017579032	0.969460545385919	0.00950957315040101	0.0210298814636799	0.847901877601691	0.0355151297594801	0.00753143011194202	0.109051562526887	0.79273311247349	0.00535491143134493	0.00324885509774182	0.198663120997423
0.870205949325146	0.127594054229277	0.00164624865968784	0.000553747785888119	0.883959711625802	0.0455602285964617	0.0160802188935616	0.0543998408841744	0.756805359077107	0.218583616515844	0.0193924727406606	0.00521855166638793	0.98713505116607	0.0080049748871145	0.00485997394681602	0.953957605304322	0.0081940318495229	0.0378483628461549	0.851183313004776	0.0353546218288422	0.0381592807850142	0.0753027843813674	0.771243905503877	0.00759134535246107	0.0024261754941577	0.218738573649504
0.854448288917888	0.117429547108756	0.0074567657865998	0.020665398186756	0.879287185256805	0.0503770236463303	0.0146018225611188	0.0557339685357459	0.741457603361487	0.242938326795033	0.012420029432411	0.0031840404110688	0.989922096118807	0.000734496988664838	0.00934340689252815	0.968078417818978	0.00394884840195365	0.0279727337790689	0.88499944662442	0.0254713171945702	0.00397291255262989	0.0855563236283803	0.766129060213413	0.0154096478959974	0.00177123858606348	0.216690053304526
0.856243705910365	0.127968420051669	0.00449979372273052	0.0112880803152355	0.879466842994017	0.0579771792989826	0.01191786486944	0.0506381128375599	0.754629853011865	0.220707828254444	0.0159937468106929	0.00866857192299801	0.985105488448773	0.00899881055718741	0.00589570099403941	0.960355257320366	0.011022617678226	0.0286221250014084	0.866113595675044	0.0362217411760101	0.0059786641418991	0.0916859990070471	0.74949069730262	0.00856638994586918	0.00131325949418297	0.240629653257328
0.848750913545215	0.123833522572332	0.00758528306250278	0.0198302808199507	0.876049230592031	0.061954375708178	0.0149650289159382	0.047031364783853	0.770323640107216	0.206050490935994	0.0151993194624871	0.00842654949430313	0.981800580718894	0.00980828081603085	0.00839113846507486	0.971779227913031	0.0115767420189271	0.0166440300680419	0.847930811871207	0.0264831184549812	0.0248253484749173	0.100760721198895	0.783674303817863	0.0154440623727073	0.00125556111685761	0.199626072692573
0.857705461192969	0.125112243425632	0.00792713930181331	0.00925515607958555	0.875420583331097	0.0507061688665505	0.0182137500233264	0.0556594977790263	0.761309326941675	0.217978498960318	0.0169363736213445	0.0037758004766624	0.994630433211978	0.0047323549583553	0.000637211829666727	0.953245274152586	0.0208806037925127	0.0258741220549016	0.8658421681219	0.0306632223624365	0.0197992698831922	0.0836953396324711	0.819008855386661	0.0108209622917498	0.000885558746155187	0.169284623575434
0.877850541754514	0.102855750235181	0.00687962386430123	0.0124140841460039	0.888481886419453	0.0439167361496093	0.0153139424085431	0.052287435022395	0.748360311652851	0.22755004114698	0.0119393171119064	0.0121503300882619	0.982886475645857	0.0123051586981611	0.00480836565598227	0.984118352235818	0.00423220667936562	0.0116494410848168	0.892751075493101	0.0301553752741942	0.00661650601086802	0.0704770432218368	0.8011359237667	0.0400503156155411	0.000646343188337278	0.158167417429422
0.871187632858829	0.108416353545595	0.0104209872025879	0.00997502639298777	0.876564434661346	0.0570768457396143	0.0182224230005919	0.0481362965984474	0.813258877688541	0.171028064588072	0.0128716371435361	0.00284142057985147	0.982371368157277	0.0101594894389889	0.00746914240373456	0.961716516860798	0.0177972650128609	0.020486218126341	0.838748104979238	0.0264295535991436	0.0226039398812109	0.112218401540407	0.767305048505656	0.0213976998062744	0.00220258709383985	0.20909466459423
0.870207473524071	0.115425236925678	0.0137043138531004	0.000662975697149908	0.873371482850613	0.0642661909992286	0.0113683463757723	0.0509939797743865	0.757898106908263	0.217472237216298	0.0183290783618633	0.00630057751357634	0.979764671478547	0.0137861165434559	0.00644921197799712	0.959587270263727	0.0211975541989242	0.0192151755373486	0.846212547577529	0.030719021017111	0.0275521349624625	0.0955162964428974	0.81910346658014	0.00108474242131951	0.000496958928109305	0.179314832070431
0.824813015559401	0.134931979521815	0.0072911598401993	0.0329638450785846	0.864356145733557	0.0631680574560109	0.0146443133307594	0.0578314834796725	0.806676690691276	0.176838602822771	0.014079110830525	0.00240559565542837	0.990222113299273	0.00713739757338536	0.00264048912734186	0.959491304616118	0.0121076016260029	0.0284010937578789	0.856730402696889	0.0325579812440614	0.00988300804892809	0.100828608010121	0.756556655427093	0.00157676678422764	0.00456635835446307	0.237300219434216
0.860088881644965	0.126580094947578	0.010723188551582	0.00260783485587507	0.876148186556095	0.0544104313669137	0.0110220409942424	0.0584193410827488	0.736556743961926	0.235782155929434	0.0198229658014533	0.00783813430718704	0.99284580600926	0.006512153611569	0.000642040379170984	0.961018829159813	0.0129845687579805	0.0259966020822067	0.8423426477945	0.0288912606461066	0.036004182960089	0.0927619085993042	0.763168343785314	0.00322919453108528	0.00380903829305094	0.22979342339055
0.834528586614929	0.139664471883756	0.00953650647196448	0.0162704350293502	0.871023903290254	0.0609015950293603	0.0145695802419786	0.0535049214384074	0.734480823323334	0.24449692570044	0.0110726107826805	0.0099496401935454	0.986317061439716	0.0101511297030087	0.00353180885727574	0.965699770131923	0.0105684905580273	0.0237317393100501	0.842322171518054	0.0351297375586652	0.0305147734378928	0.0920333174853875	0.773771659525903	0.0157846870453708	0.00347829208356291	0.206965361345163
0.869012195439565	0.109816367967485	0.0117222500143193	0.00944918657863073	0.871290078300028	0.066248584422658	0.0126613543973048	0.0497999828800091	0.763439854742852	0.212559776234239	0.0161999727043193	0.00780039631858932	0.990094923061437	0.00696587245849942	0.00293920448006406	0.949458381312556	0.00864218927584735	0.0418994294115963	0.869834578632679	0.0321487212244004	0.0058862922776091	0.0921304078653113	0.746968411084218	0.0187488201261339	0.00423041597931382	0.230052352810334
0.85913004856714	0.119134039427919	0.0109853795913452	0.0107505324135962	0.870085189264182	0.0635519468066997	0.0214454351531956	0.0449174287759221	0.756101418471756	0.213486842310111	0.0173642621597434	0.0130474770583903	0.985851374610787	0.00553864286223164	0.00860998252698195	0.959521423823326	0.0116272207587909	0.0288513554178831	0.841667731969032	0.0387252537589425	0.0135222854232	0.106084728848825	0.773365910742668	0.00965430215643571	0.00319763211076519	0.213782154990131
0.878103305636257	0.107197955090468	0.00198254431458295	0.0127161949586921	0.886365391596298	0.0496460021405384	0.00823350513132745	0.0557551011318366	0.714945128522188	0.258446896376301	0.0169896074649086	0.00961836763660186	0.989035921016883	0.00584592012145526	0.00511815886166158	0.949312292814744	0.0179952093898392	0.0326924977954163	0.885951740936445	0.029007587478367	0.0170538618931745	0.0679868096920136	0.804068298955266	0.0164212891889073	0.000440900437446319	0.179069511418381
0.855683001421875	0.127674736873799	0.0075498815722127	0.00909238013211271	0.88230172560461	0.0508074906035203	0.0124779978872982	0.054412785904572	0.808938046745052	0.176055126742066	0.0120834082335244	0.00292341827935758	0.985391471271674	0.00806382720289721	0.00654470152542917	0.975462615021481	0.00920783604586746	0.0153295489326512	0.876030262509421	0.0263382191092647	0.0239697429885228	0.0736617753927915	0.809100573943061	0.00138223375709169	0.00040548415094085	0.189111708148907
0.854483070613395	0.126780774297741	0.005153065153685	0.0135830899351779	0.882238579323254	0.051445864847132	0.0172379852144965	0.0490775706151175	0.75083887444879	0.220193342701599	0.0189163934956062	0.0100513893540044	0.991325909537533	0.000192821978384423	0.00848126848408295	0.956843794126509	0.010888734845071	0.0322674710284195	0.860849861567479	0.0253950186522608	0.00703737079560816	0.106717748984652	0.77951143629186	0.00879520315806718	0.0016415547004798	0.210051805849593
0.841247114286876	0.129731024355145	0.00931638050448629	0.0197054808534934	0.882027694867979	0.04593181404967	0.0180136568001759	0.0540268342821754	0.750338605038246	0.225456276011842	0.0168813410895966	0.00732377786031615	0.986889962224486	0.00909771412027604	0.0040123236552377	0.951868071506263	0.0211296026213645	0.0270023258723727	0.871285038198355	0.0247973029567933	0.025332445412984	0.0785852134318674	0.829987747649544	0.0243036628757708	0.00173091948767598	0.143977669987009
