0.88219308424496	0.10445683758624	0.00701786365534415	0.00633221451345506	0.861228781118356	0.072324793266238	0.014076826382752	0.052369599232654	0.753379322594941	0.229197443596548	0.0124918068850272	0.00493142692348349	0.987244902904199	0.00639839323377378	0.00635670386202671	0.967079023828744	0.0158164674531807	0.017104508718075	0.823555112262746	0.0200855986187164	0.0163665004956863	0.139992788622851	0.795520845742278	0.00367119179146941	0.00327065666914143	0.197537305797111
0.878456185320033	0.099403222190306	0.00643131136611097	0.0157092811235502	0.879789883157601	0.0566705582652194	0.0110689354872729	0.0524706230899069	0.779957407733	0.202330433733009	0.0125828173775793	0.00512934115641191	0.989487803108646	0.00456449543205835	0.00594770145929592	0.947362018039101	0.0169287742165812	0.035709207744318	0.83044097079893	0.0180177355786231	0.0144730514202635	0.137068242202183	0.803472889248898	0.0277929412822154	0.0030713462700105	0.165662823198876
0.909778290928409	0.0711285272335438	0.00708156507216073	0.0120116167658865	0.908559817877067	0.0263827549177668	0.0118318097121398	0.0532256174930267	0.716079906419373	0.253137827305563	0.0188951876915287	0.0118870785835358	0.994040174831851	0.00208038247901893	0.00387944268913017	0.962862136771494	0.0151477541544978	0.0219901090740084	0.835526778515883	0.0157969314738768	0.00978988466277614	0.138886405347464	0.781108654500628	0.00843568036934404	0.00823633798377912	0.202219327146249
0.868046962598612	0.110898965775281	0.0126971458866706	0.00835692573943674	0.872617144688207	0.0640554632999832	0.0173304318474636	0.0459969601643461	0.781046938469553	0.198261649931431	0.0168162258481399	0.00387518575087617	0.990122512089694	0.00807445794523096	0.00180302996507498	0.942959618456458	0.0299301336760236	0.027110247867518	0.825929285522481	0.01648562377037	0.0152635689019193	0.142321521805229	0.772711620118808	0.0160447637943218	0.000701764654970052	0.2105418514319
0.884938603140797	0.0982952478980897	0.00871964375385939	0.00804650520725406	0.88452718987821	0.0473607448467274	0.0146219122614766	0.0534901530135859	0.804631899659752	0.172808375271926	0.0152288321597919	0.00733089290852994	0.991234091572736	0.00176970127492692	0.00699620715233665	0.964763188047978	0.0108908261892197	0.0243459857628024	0.8282277871901	0.013917880349532	0.0168754847086508	0.140978847751717	0.782337787310832	0.0292404000678388	0.00233235127758158	0.186089461343747
0.885651172910234	0.0913175574175194	0.0125102728424764	0.0105209968297707	0.875301402397134	0.0583163591887298	0.0118037607121606	0.0545784777019751	0.823311476195626	0.154744719800287	0.0165628590668372	0.00538094493724942	0.989764498013729	0.00463739226601935	0.0055981097202513	0.965857409184134	0.0137616365875131	0.0203809542283526	0.821404240234447	0.0151855434817576	0.0164603062866359	0.146949909997159	0.77307431677689	0.0275204411725714	0.00706391643361661	0.192341325616922
0.896618804600161	0.0950744135843726	0.00653294274948492	0.00177383906598144	0.872116176334328	0.0515265263239967	0.0175529777700616	0.058804319571614	0.777533243831309	0.200577053730315	0.0103116540085139	0.0115780484298617	0.987078298331138	0.00426700713266257	0.00865469453619914	0.960226721604142	0.0144271564809901	0.0253461219148677	0.834312776416379	0.0120826895561508	0.0130707658655975	0.140533768161873	0.83397618937153	0.00464039236527968	0.00561854427564524	0.155764873987545
0.889700699158444	0.109519508613111	0.000630781970417731	0.000149010258027419	0.879056028967494	0.0542026689153332	0.0175081630717813	0.0492331390453915	0.780626908773245	0.183607330158763	0.024034502961446	0.0117312581065452	0.986904411361714	0.00881519644904183	0.00428039218924385	0.967143351081259	0.0132564088835135	0.0196002400352276	0.821591502103879	0.0168510420015213	0.0227023782164008	0.138855077678199	0.815550224463568	0.0218406610110351	0.00134011608773777	0.161268998437659
0.872728460659052	0.107974819446324	0.0112017439554737	0.00809497593915029	0.870435130944995	0.0609386228384759	0.013179319289066	0.0554469269274635	0.792099969204956	0.186934104992388	0.0157267243305861	0.00523920147206977	0.989760637365822	0.00568700069194391	0.00455236194223395	0.953654412587529	0.0147016863763579	0.0316439010361133	0.823830738338338	0.018509940503189	0.0138766673522974	0.143782653806175	0.82119696176786	0.00721112422159179	0.000266038314039972	0.171325875696509
0.890160522875239	0.0996790315021178	0.00613524037678154	0.00402520524586189	0.870808541055689	0.0585577157402747	0.017265703284138	0.0533680399198985	0.708419734391584	0.271443997613837	0.013666872750257	0.00646939524432166	0.991256640569078	0.00594757092903944	0.0027957885018828	0.955613802459733	0.0138172803515998	0.0305689171886676	0.826947427017432	0.0191486701947168	0.0139296299833962	0.139974272804456	0.753503702002503	0.00578787874250952	0.00320781161833967	0.237500607636647
0.859659463340413	0.123692162512217	0.00411115779084331	0.0125372163565261	0.889592734604033	0.0405473210779008	0.0176670359953871	0.0521929083226793	0.718107638070364	0.259912949985602	0.014233989451629	0.00774542249240458	0.991516519837943	0.0059396772695322	0.00254380289252479	0.966214145189504	0.0111367977507826	0.0226490570597138	0.822921325284816	0.0192167308692563	0.011000511437384	0.146861432408544	0.825967976408692	0.0073958308446626	0.000876633921971678	0.165759558824674
0.890797627281868	0.0864365515301447	0.00623333524575597	0.0165324859422309	0.876042404547605	0.0481942302532773	0.0171767374229147	0.0585866277762034	0.734272083832308	0.24627416413675	0.0129887432952893	0.00646500873565178	0.993414926213496	0.00428491871771216	0.00230015506879161	0.969940506488184	0.0151082672458086	0.0149512262660071	0.829563880493825	0.0170569843057782	0.0114456450041924	0.141933490196204	0.778837081169264	0.00141257435511748	0.00482077867476212	0.214929565800856
0.903747995437596	0.0837142350978009	0.000740765923756716	0.0117970035408463	0.871178699614254	0.0599121664754171	0.011856333273365	0.0570528006369643	0.813333405843299	0.167411179254382	0.0130777312946348	0.00617768360768431	0.996820145930224	0.000713305077022696	0.00246654899275296	0.96818280210453	0.0174885844619677	0.0143286134335026	0.835835429850348	0.0118680535742907	0.0116424759350328	0.140654040640329	0.786785767316874	0.0154974420188822	0.00200115816862458	0.19571563249562
0.865615857870858	0.127298297437401	0.00691413077057803	0.000171713921163277	0.885870860142888	0.0508927887781613	0.00904842687148604	0.0541879242074647	0.753860183763016	0.224394584949692	0.0160938351225222	0.00565139616476901	0.989504112564549	0.00315705591804583	0.0073388315174048	0.962483799909365	0.0136675192032581	0.0238486808873767	0.831484038205582	0.0106084932595514	0.014894716816116	0.143012751718751	0.81374741372447	0.023025836196376	0.000981512645036531	0.162245237434117
0.875258802506227	0.11302033791527	0.00316846385355453	0.00855239572494881	0.883341638557789	0.0444956056937299	0.0165466909970851	0.0556160647513962	0.745540930242173	0.236092486182794	0.0149754605661614	0.00339112300887169	0.987764015718289	0.00706369955254571	0.00517228472916514	0.96445431411675	0.0156361960553861	0.0199094898278639	0.825765282009738	0.0229928188575767	0.0125482678462244	0.13869363128646	0.752759648342571	0.0175337643385889	0.00430859774950551	0.225397989569335
0.880870416093601	0.113870584414206	0.00250875172570007	0.00275024776649369	0.877991618371775	0.0557573894202193	0.0144410780787144	0.0518099141292917	0.770653898988354	0.206444864602472	0.016121730762529	0.00677950564664515	0.988106644593833	0.00293369605099634	0.00895965935517102	0.95789379080304	0.0167522191350334	0.025353990061927	0.837505622717188	0.0181458554879832	0.00555575475749983	0.138792767037329	0.760074311665465	0.026936646727922	0.00392080059550284	0.20906824101111
0.872379997377823	0.114986650230589	0.0080935326520361	0.00453981973955121	0.880522136148211	0.0615661936882332	0.00537758010584371	0.052534090057712	0.807598810119195	0.165903483816849	0.0156538480455016	0.0108438580184549	0.985714939744591	0.00663630735735304	0.00764875289805621	0.951614376772132	0.015841452606704	0.0325441706211639	0.826925811213092	0.0171285240104974	0.0145002102224066	0.141445454554004	0.854778748278187	0.00696398606412469	0.00189158804427865	0.13636567761341
0.91525753283005	0.0677742501934858	0.0062789536100755	0.0106892633663886	0.885217685961727	0.0542105807958031	0.0101405431181259	0.0504311901243446	0.739799494657058	0.237291801660025	0.0143489497613973	0.00855975392151882	0.993806993757016	0.00389992945723282	0.00229307678575138	0.965427310668174	0.0108455404816984	0.0237271488501276	0.821832303864163	0.0194371488695911	0.0147396948922881	0.143990852373958	0.801086118832629	0.0264534584658854	0.00196066714201112	0.170499755559475
0.881964181023597	0.103170557106448	0.00694274978122017	0.00792251208873478	0.894391944170047	0.047523472956328	0.0130167069009461	0.0450678759726786	0.768654541025701	0.207176725441304	0.018046447037937	0.00612228649505825	0.990825685961922	0.00514911242189211	0.00402520161618538	0.96812887878887	0.0136589872628164	0.0182121339483135	0.829722848192525	0.0181738775152142	0.0120436030042614	0.140059671287999	0.776378765790754	0.00423549600307786	0.00135449306900451	0.218031245137164
0.918682264926658	0.07105891338462	0.00698495703019398	0.00327386465852813	0.887000824709225	0.0452545496555189	0.0165305800942503	0.0512140455410052	0.756224065748996	0.219076999728109	0.0161196126207831	0.00857932190211163	0.994406573928526	0.00128194682380576	0.00431147924766863	0.958838846705063	0.0191486313560027	0.0220125219389341	0.82981012229199	0.0155723593172788	0.0121694016800402	0.142448116710691	0.790201162550815	0.00686807515464537	0.00581643339240102	0.197114328902138
0.855174203489142	0.125477488448707	0.00840808998757761	0.0109402180745738	0.885451449447269	0.0523071933298056	0.0101030253189445	0.0521383319039811	0.762714712302941	0.21156515195952	0.0141214996747294	0.0115986360628094	0.990061002827435	0.00968759144362222	0.000251405728942797	0.956197157716309	0.0151413571729083	0.028661485110783	0.82334331949203	0.0177659051718501	0.0152754499411617	0.143615325394958	0.784152669634047	0.0152776993220256	0.004585333973565	0.195984297070362
0.867670150384257	0.121589008762662	0.00802703139830667	0.00271380945477488	0.889462726071478	0.0394987252697209	0.0142188992810881	0.0568196493777128	0.715531733405105	0.265978155437992	0.0123857824652774	0.00610432869162561	0.995620699532835	0.001405485607694	0.00297381485947137	0.968508237773993	0.00583811203016614	0.0256536501958414	0.827850941172161	0.0157929807448628	0.0137722340777613	0.142583844005215	0.811895324735648	0.0106809665253094	0.00160345373044255	0.1758202550086
0.905898021041413	0.078251135157976	0.000836258335478315	0.0150145854651322	0.874177495453178	0.0594229452399393	0.0166617917288595	0.0497377675780236	0.802911395861326	0.171672884314317	0.0158873967535294	0.00952832307082787	0.994531565414944	0.00510901001456251	0.000359424570493161	0.964674537611358	0.00930134593720867	0.0260241164514335	0.829936624004337	0.0132459792540757	0.0123370152439335	0.144480381497654	0.823235212496541	0.0189692533031951	0.00672001763410877	0.151075516566155
0.893664573440563	0.0944887497651184	0.0071982457675881	0.00464843102673037	0.883039744289185	0.0522794818296552	0.0134268986618598	0.0512538752193002	0.756778070545583	0.218357470010315	0.0187778095063548	0.00608664993774741	0.994459840812501	0.00164873669865911	0.00389142248884029	0.95735150862189	0.010381831747223	0.0322666596308864	0.827943715735419	0.0166535469102221	0.0110332000155973	0.144369537338761	0.763993874697438	0.0138938665349336	0.00223431964621085	0.219877939121417
0.911031679513196	0.0637697297523944	0.0131507445052989	0.0120478462291102	0.884615901422855	0.0496649776873764	0.0135730262238382	0.0521460946659305	0.734043316694881	0.239231635711455	0.0151295364094419	0.0115955111842223	0.988853019910336	0.00491144991555753	0.00623553017410699	0.963814763841367	0.00650952255077687	0.0296757136078558	0.830897272429762	0.0161807536734212	0.0164631377247624	0.136458836172055	0.769371089562492	0.0344088905480857	0.00165638812040267	0.19456363176902
0.88879294292542	0.0897237246556484	0.00786752282208131	0.0136158095968502	0.876545144899293	0.0563433105781423	0.0141757399285462	0.0529358045940184	0.765579840768462	0.210352837156113	0.0133521511015123	0.0107151709739125	0.984116198819135	0.00724423151547046	0.00863956966539428	0.96596707118269	0.00610617308070863	0.0279267557366009	0.823814004412663	0.0203178540954839	0.0182408746359961	0.137627266855857	0.784981708408147	0.0236411867152661	0.00185056190981186	0.189526542966775
0.871471110144557	0.106686079978165	0.00739500129569785	0.0144478085815799	0.874284361142372	0.06154865631351	0.011805559612598	0.05236142293152	0.72239604174753	0.253642866497283	0.0190486988839024	0.00491239287128504	0.991118341532858	0.00248641336288994	0.00639524510425227	0.967523885118911	0.00580345979545062	0.0266726550856388	0.823382279508576	0.0199003427282272	0.0152202807942201	0.141497096968977	0.832852684794127	0.00127835349386062	0.00207823350679137	0.163790728205222
0.872097809023872	0.0963912167416761	0.00805976028780787	0.0234512139466441	0.876111249354968	0.0557847437903525	0.0191964159165754	0.0489075909381039	0.804101608506345	0.169238835709656	0.0192680609613358	0.00739149482266401	0.988311427566609	0.00675476725649728	0.00493380517689416	0.969558418277229	0.00841049226941624	0.0220310894533551	0.82406708525786	0.0189872937417741	0.0162203654333388	0.140725255567028	0.771950239659519	0.0186233146189782	0.00436549286132458	0.205060952860178
0.885811674411069	0.0956615985179251	0.00831003597804527	0.0102166910929609	0.881694805457518	0.0499148585478188	0.0178747229596172	0.0505156130350461	0.797375517698375	0.177194588969959	0.0187874454281284	0.0066424479035386	0.994608992201103	0.00329746057296636	0.00209354722593029	0.948482916492379	0.011835968138504	0.0396811153691172	0.822456895166669	0.0218530274046612	0.0101569424318898	0.14553313499678	0.819477680625341	0.0264927477411675	0.00266533633781621	0.151364235295675
0.887332060903648	0.109993018197782	0.00203035881207996	0.000644562086490215	0.864803934262469	0.0658795219331797	0.0144299915643228	0.0548865522400285	0.731667218661423	0.242715921836998	0.0149798875839924	0.0106369719175873	0.992590650621454	0.00256351534978379	0.00484583402876272	0.975897783377289	0.000250441253519545	0.0238517753691917	0.832946568402201	0.0162417484580903	0.010471556049474	0.140340127090234	0.761466827466521	0.0153183629230512	0.000648718220725576	0.222566091389702
0.892769605913673	0.0851031332467195	0.0070054218461324	0.0151218389934752	0.872596503088907	0.0666418912088728	0.0138688122124109	0.0468927934898091	0.779885818555573	0.189788485096127	0.0176301061315637	0.0126955902167363	0.994480214832099	0.00474012423675062	0.000779660931150221	0.97605242171575	0.0131847134708656	0.0107628648133849	0.832038983791112	0.0178156195372122	0.0103521798247691	0.139793216846907	0.754746681170166	0.0143721073495384	0.00221926051273109	0.228661950967565
0.885845988448291	0.0900240248790689	0.00681529519718431	0.0173146914754555	0.872577296675851	0.0615112845749955	0.0129819034882047	0.0529295152609485	0.768885820794472	0.211871254616628	0.0141944614121784	0.00504846317672175	0.988122211748893	0.00352888188452873	0.00834890636657792	0.950342178891495	0.0216571351515101	0.0280006859569946	0.817394558078769	0.0220783876962492	0.0179029861629188	0.142624068062063	0.793133766205701	0.0258994866365783	0.00201482945407321	0.178951917703648
0.867951817261141	0.119565961467834	0.00684982475974694	0.00563239651127798	0.88792019246983	0.0488303061695758	0.0134591663112556	0.049790335049339	0.789034662125481	0.197743528481595	0.00772117409806065	0.00550063529486291	0.991403487952898	0.00310516301336699	0.00549134903373442	0.967063819100438	0.0070870415984563	0.0258491393011054	0.824837499525052	0.0187390363206187	0.0152282747704451	0.141195189383884	0.789888708272419	0.00397380491424275	0.00112583839424267	0.205011648419096
0.883264138854286	0.108410186800459	0.00484815454413826	0.00347751980111726	0.878661004669757	0.0592827206720237	0.00991542211336115	0.0521408525448577	0.749264912460497	0.228170842268443	0.0141597035584526	0.00840454171260629	0.989171357159873	0.00623538998967984	0.00459325285044718	0.959061729060739	0.0135504713012614	0.0273877996379998	0.830365824689777	0.010172111728496	0.0107511123369651	0.148710951244762	0.777223692992676	0.0163428147807999	0.00296133668053604	0.203472155545988
0.877824348599417	0.110372485047238	0.00129130862906517	0.0105118577242796	0.869114940394948	0.0633100239289475	0.0115665352957672	0.0560085003803374	0.791519500725534	0.186039715875295	0.0154596118779232	0.00698117152124837	0.993937155552693	0.00372249416476827	0.0023403502825385	0.967644867389733	0.0111691728956967	0.02118595971457	0.827003751882193	0.0186063251841669	0.00980125568593646	0.144588667247703	0.786321990536708	0.0232984314787994	0.00191252185682434	0.188467056127668
0.882699386771267	0.0959592652167106	0.00143714669902031	0.019904201313002	0.878362155795477	0.0552045116071035	0.0137154230156638	0.0527179095817555	0.759458197406291	0.224748487779342	0.00736992321542463	0.00842339159894198	0.990114807606442	0.0039414701247659	0.00594372226879247	0.953161448079031	0.0275136486890895	0.01932490323188	0.828273342044666	0.0153026840180631	0.0124972475054011	0.143926726431869	0.786008749532866	0.0114644433812436	0.000359905858195622	0.202166901227695
0.89196601740236	0.0886933977484747	0.00536389069003181	0.0139766941591332	0.88013086215971	0.0585629424978697	0.0101506130602142	0.051155582282206	0.772300218366964	0.210733152631139	0.0117410761275073	0.00522555287438976	0.985328309369108	0.00712350540688501	0.00754818522400707	0.963277526602071	0.00818812580390263	0.0285343475940264	0.822170224595414	0.0163878855427373	0.0173891326171701	0.144052757244679	0.802311255233424	0.0211922436513294	0.00119238418551256	0.175304116929734
0.915455415297737	0.0593536215342417	0.0115779812482875	0.0136129819197337	0.87663392759664	0.0551973961237797	0.0170923512801711	0.0510763249994095	0.743043410866288	0.230641798046115	0.0176100879408139	0.00870470314678333	0.989696688573698	0.00686147555294585	0.00344183587335666	0.972678363687521	0.000241065386137893	0.0270805709263413	0.832353179915908	0.0143842130620106	0.0100897602696785	0.143172846752403	0.78777746747547	0.0136251090747079	0.000195232498308333	0.198402190951514
0.881838998882796	0.106146249736287	0.00969012620724007	0.00232462517367722	0.884445660527326	0.0503367043577933	0.0134450698930715	0.0517725652218096	0.763042450312645	0.211696447463597	0.0174572947088608	0.00780380751489712	0.989390430844001	0.00598265736446853	0.00462691179153057	0.952969230187893	0.0116371070142592	0.0353936627978481	0.827505577938121	0.0175613657979862	0.0155254897420945	0.139407566521798	0.794425164990324	0.00787897462792098	0.00243062805274721	0.195265232329008
0.892705686956878	0.08662882791767	0.0116407150150075	0.00902477011044462	0.875360712710408	0.057585391924752	0.0158113429527126	0.0512425524121269	0.744107257431956	0.229780694861484	0.0199666756715288	0.00614537203503084	0.988336342639619	0.00841091153342995	0.00325274582695123	0.970579009500958	0.0119971145483501	0.0174238759506914	0.826762378704042	0.0131050931271131	0.0128870833811856	0.147245444787659	0.796947934005379	0.031414540286318	0.000244863365015574	0.171392662343287
0.931270220250598	0.0501186470665703	0.00380979643102885	0.0148013362518024	0.872755444150769	0.0565356177045917	0.0144660502507767	0.0562428878938621	0.754572459435458	0.218597597590319	0.0165756745459632	0.0102542684282597	0.981811228140715	0.0109730041265907	0.0072157677326941	0.964038136207333	0.00439470311462122	0.0315671606780456	0.829951701570644	0.0113078196152759	0.0157194737832946	0.143021005030786	0.78040573663868	0.0156250993317226	0.00455732764713583	0.199411836382462
0.886937994931684	0.103784730667161	0.00391573013366409	0.00536154426749048	0.876943152965932	0.0502697123396007	0.0195466170435571	0.0532405176509102	0.782392271338412	0.196691505235457	0.0119591240566962	0.00895709936943536	0.994982688620005	0.00368394626654042	0.00133336511345482	0.960782846754315	0.0210344443606002	0.018182708885085	0.8343224852844	0.0163806002598851	0.0108679220623801	0.138428992393335	0.785955943983203	0.014872873001491	0.000328069709197491	0.198843113306108
0.873087437462785	0.100143841159063	0.00544573494379146	0.0213229864343601	0.879046149507164	0.0539209904242457	0.0158708496808727	0.0511620103877175	0.794547362608171	0.179784804341207	0.0147792032938999	0.0108886297567217	0.988229992224611	0.00247938983711794	0.00929061793827131	0.956597573955909	0.0175371261626511	0.0258652998814396	0.83150360461105	0.00928893071976988	0.0159834253384741	0.143224039330706	0.794771034148034	0.0273264101831876	0.00303283032873164	0.174869725340046
0.900980436882222	0.0874917161495805	0.0038507980889745	0.00767704887922326	0.869717103134082	0.065718695034002	0.0164496736403914	0.0481145281915241	0.773088216534849	0.194894147076932	0.022326436982026	0.00969119940619341	0.988947642842149	0.0101238367973688	0.000928520360482112	0.964539398194332	0.0105522762457029	0.0249083255599651	0.831625783658708	0.0157561947302833	0.0114069164519909	0.141211105159018	0.820542975967769	0.000942408113765789	0.00510943853505196	0.173405177383413
0.852844284654963	0.132106502234697	0.00259439546346224	0.0124548176468773	0.88704172776556	0.0461648219024207	0.0145948084882237	0.0521986418437956	0.765726794462234	0.213569449223178	0.0127248022852584	0.00797895402932967	0.984837266460544	0.00850619938431239	0.00665653415514395	0.957679166887487	0.0114308629090054	0.0308899702035077	0.825483879684636	0.0202860302216973	0.0131382751797109	0.141091814913956	0.827225991375721	0.00461892872483573	0.00150992671607284	0.16664515318337
0.915316911540919	0.0688693416626924	0.00496482040549813	0.0108489263908899	0.882579989563031	0.0535144105427045	0.0124867379676876	0.0514188619265773	0.803509373617994	0.175624564111756	0.012394696354676	0.00847136591557368	0.9889173082921	0.00772046651698692	0.0033622251909129	0.977555418505974	0.0075512702294082	0.0148933112646178	0.827492729974346	0.0159367660522742	0.0138461499015118	0.142724354071868	0.791067650164291	0.0154801475604379	0.000421985023781202	0.19303021725149
0.884936246982049	0.0954424355693569	0.00507053355229084	0.0145507838963035	0.876736128416056	0.0609675110094017	0.0123563041925801	0.0499400563819622	0.785863382466122	0.194528677000521	0.0143298083362618	0.00527813219709581	0.996147427076674	0.00308812983312522	0.000764443090200669	0.958625243648212	0.0145268467591008	0.0268479095926868	0.829661502322835	0.018609013424612	0.0110094184873596	0.140720065765194	0.783177152855285	0.00600652427782437	0.00309863507252084	0.20771768779437
0.878956227801271	0.0957082740425604	0.00465797830023998	0.0206775198559289	0.878185541582749	0.0525094939754723	0.0159608766241661	0.0533440878176124	0.723450557412335	0.253104846797545	0.0165175854440635	0.00692701034605686	0.989710696060071	0.00843164682825762	0.00185765711167145	0.960106738990303	0.0100765446498869	0.0298167163598104	0.82684461098674	0.0195601399301679	0.0168406973895645	0.136754551693527	0.793474586951429	0.0132555298849997	0.00133603081520566	0.191933852348366
0.907426088817719	0.0850324491736039	0.00486022003416028	0.00268124197451729	0.883203149047015	0.052104130959724	0.0154297350861053	0.0492629849071557	0.823823476081398	0.146114918176329	0.0201996789843619	0.00986192675791105	0.992249823410007	0.00652173078445165	0.00122844580554176	0.966038159860296	0.015178443697454	0.0187833964422497	0.838063865403378	0.0137399280459045	0.00651122235175774	0.141684984198959	0.79615379087608	0.00119617478002992	0.00131725219159458	0.201332782152296
0.839561975893272	0.1509735814346	0.00591714263278413	0.00354730003934404	0.878456290526398	0.0599039289886031	0.0101688626244225	0.0514709178605766	0.767231416592293	0.206836837697362	0.0150144396464403	0.0109173060639044	0.999528576307297	0.000264036725496474	0.000207386967206182	0.951669133376644	0.013692034223682	0.0346388323996743	0.82998599469313	0.016585493581349	0.00923875507750067	0.14418975664802	0.830176996984242	0.0232152742153839	0.00607484571824171	0.140532883082133
0.89542831251323	0.098439041032873	0.00484944272278572	0.00128320373111118	0.865612241737483	0.0638238666378713	0.0165725875519935	0.0539913040726525	0.790754703134949	0.18897706705555	0.0149363795665641	0.00533185024293637	0.994979852027538	0.00325688725409599	0.00176326071836582	0.963330950120629	0.0104509019476869	0.026218147931684	0.830232110156532	0.0143359762696414	0.0132818317890692	0.142150081784758	0.770393545505368	0.00772938036774926	0.00386586920801099	0.218011204918872
0.899131745082664	0.0913364068268487	0.00854074135570086	0.000991106734786094	0.896236307906219	0.0465215176466326	0.00948933745216582	0.0477528369949823	0.706366183848605	0.268872046407582	0.0154550578964315	0.00930671184738202	0.991113037097707	0.00664975017946805	0.00223721272282509	0.970249107453324	0.012278476807471	0.017472415739205	0.826723928889361	0.0182283062408236	0.0122470876017932	0.142800677268022	0.816995750167634	0.00170958060961169	0.00264812952744605	0.178646539695308
0.885212702289965	0.105921591060933	0.00521142326119603	0.00365428338790635	0.894577799374755	0.0456872251706501	0.0132052816950913	0.0465296937595032	0.780122464876022	0.191135947705159	0.0215848130521067	0.0071567743667117	0.996076855996903	0.00233929521053639	0.00158384879256055	0.956646457410171	0.00828247540555522	0.0350710671842734	0.82192316179238	0.0221619100388667	0.0160256983895707	0.139889229779182	0.821924265409223	0.0103314725049534	0.00176350477022112	0.165980757315603
0.906265595859005	0.080305222601722	0.00365530321238404	0.00977387832688904	0.890099594349472	0.0429977257319985	0.013601704240042	0.0533009756784874	0.792349706459167	0.19092759344324	0.0157234023852147	0.000999297712377812	0.990959731718068	0.00865747127833958	0.000382797003592299	0.963100019478195	0.013714471268671	0.0231855092531343	0.823698839621058	0.021057017081898	0.0147483623568896	0.140495780940154	0.772506262974071	0.00559779512655189	0.000930710980027268	0.22096523091935
0.871618162268784	0.113324614458039	0.00433726745775463	0.010719955815423	0.880640223997057	0.046596031521091	0.0161646780498316	0.0565990664320204	0.751417228699008	0.230427976294288	0.0122314853195394	0.00592330968716437	0.98981485387304	0.00935937398362505	0.00082577214333462	0.964351084945462	0.0140667898386227	0.0215821252159154	0.831588490974811	0.0163676923393534	0.0122553000720613	0.139788516613775	0.823139687716221	0.0116914065653805	0.00302275237121659	0.162146153347182
0.92036454136123	0.0665430453660125	0.0069258604263605	0.00616655284639723	0.874544986386857	0.0598993737396661	0.0135320024689525	0.0520236374045246	0.767473429015435	0.214437781630858	0.0154817059294153	0.0026070834242912	0.996618046645353	0.000580661683415043	0.00280129167123198	0.94934555404587	0.013173751751419	0.0374806942027108	0.830774136130031	0.0194634875704199	0.0138756822673174	0.135886694032232	0.817315381869555	0.0112506991564128	0.000898979196042062	0.17053493977799
0.860284786447681	0.128609332367916	0.00508677916997648	0.00601910201442677	0.877767440669885	0.055186972092007	0.0173384984859632	0.0497070887521447	0.764970892501108	0.209334180045788	0.0147494440202987	0.0109454834328052	0.986149789326961	0.00743683823718993	0.00641337243584937	0.972136025509948	0.00218185632762544	0.025682118162426	0.822419941677586	0.0184317733098316	0.0170443541294429	0.142103930883139	0.859559716326422	0.000336650913508494	0.00429453130197961	0.135809101458089
0.876869486144368	0.108325780254655	0.00876497051890257	0.00603976308207398	0.867197194475287	0.0637047338485433	0.0154367775506888	0.0536612941254809	0.769530376820467	0.202626274142446	0.018977227798398	0.00886612123868851	0.999044267970938	0.000199395218729166	0.000756336810332498	0.960783922642409	0.0180329968443306	0.0211830805132601	0.822775713875103	0.0179067857472457	0.0150101316454425	0.144307368732208	0.833422187938824	0.00587020516233739	0.000173724791941583	0.160533882106897
0.909813250584693	0.0766666113985253	0.0043801524297237	0.0091399855870577	0.891685441062508	0.0453825162384022	0.0147797756471693	0.0481522670519202	0.744656948618401	0.235711956288265	0.0140361783288237	0.00559491676450951	0.980385870487538	0.010994917854531	0.00861921165793054	0.969491096299409	0.00861470125652348	0.0218942024440679	0.825494380407787	0.0174655812488653	0.0105482610250537	0.146491777318294	0.832683761654649	0.0045154577593047	0.0014154616929075	0.161385318893139
0.874815766359497	0.115894679367603	0.00719445473732897	0.00209509953557103	0.871049394175992	0.0608124174707543	0.0132643524900023	0.0548738358632513	0.747844321740793	0.232985890510721	0.0127311450016374	0.0064386427468483	0.98487737343194	0.00902323264005631	0.00609939392800324	0.961626939675832	0.0182259972422009	0.0201470630819672	0.825452581255787	0.0184989811973763	0.0135976360691443	0.142450801477693	0.834389293415633	0.0281559248312011	0.00456010242559191	0.132894679327574
0.847254953707479	0.130431090667852	0.00609337065526005	0.0162205849694096	0.885114887353185	0.0542213005790769	0.00832954793581054	0.0523342641319273	0.746666812937562	0.23742411306473	0.0124723958628559	0.00343667813485265	0.992880538285743	0.00347264319518243	0.00364681851907415	0.952078103533771	0.0144874139909963	0.0334344824752328	0.827276847730281	0.013874657901207	0.0188803875854689	0.139968106783043	0.799788012920395	0.0206114773035743	0.00474307254768372	0.174857437228347
0.903377981079544	0.0808280120900666	0.00656298195884425	0.00923102487154511	0.872293975926397	0.0578943297199141	0.0184813215432656	0.0513303728104231	0.782915930400857	0.203570489288953	0.0109139575818211	0.0025996227283688	0.991002821738714	0.00516742306817196	0.00382975519311386	0.955751614213867	0.0160643095958466	0.028184076190286	0.826891625910575	0.0167081650415205	0.0132980800598001	0.143102128988105	0.806902871628475	0.0222363494030819	0.00553884934917377	0.165321929619269
0.889005904637434	0.0986585138860922	0.00761426244039294	0.0047213190360804	0.891606940217509	0.0391641428852141	0.0122768912665981	0.0569520256306788	0.776110570583564	0.209129799239461	0.0103303940231264	0.00442923615384918	0.983555054924863	0.0103702437694716	0.00607470130566565	0.945274199851721	0.0245528836114769	0.0301729165368024	0.830512658315111	0.0134559554336667	0.01077518207213	0.145256204179092	0.773239150944655	0.0207474008073817	0.000626299492221201	0.205387148755742
0.858797401622602	0.113137191514507	0.00313037173436765	0.0249350351285234	0.879147013907492	0.0503234018732421	0.0139502603781618	0.0565793238411045	0.808943029309046	0.166572134385405	0.0174089713046974	0.00707586500085158	0.989372525183188	0.00703406269794287	0.00359341211886917	0.948099310965428	0.0192817828977078	0.0326189061368639	0.823846072107712	0.0181410116004527	0.0171711441775233	0.140841772114312	0.854247798032074	0.0128965960500949	0.00196678736489116	0.13088881855294
0.855538420007616	0.127925005059782	0.00617968760288329	0.0103568873297182	0.880640389671472	0.0526339256696884	0.0119181595078063	0.0548075251510333	0.805020509192875	0.182724591076742	0.00797131356128888	0.00428358616909404	0.986487053673319	0.00864630004406376	0.00486664628261699	0.960133143448729	0.0115279291536861	0.0283389273975853	0.831484627799192	0.0178590576194519	0.0107915490813721	0.139864765499984	0.801425426302971	0.0208214583801394	0.00105118198943932	0.176701933327451
0.897416723889558	0.0846783934740675	0.00560234650918876	0.0123025361271863	0.879453102298652	0.0548342496891348	0.0154018848924747	0.0503107631197386	0.791875941806137	0.183006631277525	0.0194408193322283	0.00567660758410995	0.994276428058175	0.00158748008811582	0.0041360918537088	0.961303252038667	0.0125844887560407	0.0261122592052926	0.825733224492952	0.0165432033818944	0.0108620869829802	0.146861485142173	0.819928357636384	0.00336906922874729	0.00148315412982045	0.175219419005048
0.877321040861964	0.104120417929782	0.00930248644186441	0.00925605476638994	0.879565467036722	0.0533550557715938	0.0164735703165919	0.0506059068750922	0.765384927412265	0.217821236741201	0.0081301157268582	0.00866372011967609	0.995801229779855	0.00362622960378862	0.00057254061635663	0.968463417986842	0.00554254437840034	0.0259940376347582	0.833395954149945	0.0171454896708178	0.00812692682370675	0.14133162935553	0.803742054991728	0.0071163332830663	0.00505829537622544	0.18408331634898
0.892098401806851	0.083254088075422	0.0101681696761238	0.0144793404416028	0.884814060080857	0.0456832244870636	0.0176798826207956	0.0518228328112837	0.739759854417684	0.241925658397184	0.0107821353450423	0.00753235184008997	0.991474176436397	0.00135748715643417	0.00716833640716874	0.964916628999168	0.0143947839033611	0.0206885870974714	0.833378372905007	0.0125653203998453	0.0145225462173572	0.139533760477791	0.788522398489461	0.0365673626451931	0.00299113854072743	0.171919100324619
0.907713815119842	0.058444222015101	0.0070544988003594	0.0267874640646973	0.879436620407832	0.05297735899758	0.0151904029249315	0.0523956176696562	0.797752996345254	0.180832365579089	0.0140133306817448	0.00740130739391192	0.991888178055818	0.00408808380617884	0.00402373813800335	0.960208677153962	0.0118690513693284	0.02792227147671	0.82809663262089	0.01405424203065	0.0141863245203376	0.143662800828123	0.815482265437035	0.0121815646084452	0.00212975811599278	0.170206411838527
0.890170750521953	0.099574173648118	0.00281869589031598	0.00743637993961343	0.884122733312875	0.0461499910439712	0.0157309098939013	0.0539963657492528	0.801372948372262	0.170831527325728	0.0211445168887501	0.00665100741325909	0.995284964633191	0.00143523335812033	0.00327980200868916	0.971590161888139	0.00997128457488433	0.0184385535369771	0.824366957846501	0.0182506621932514	0.0133609362876112	0.144021443672636	0.77511786760883	0.0018997637937868	0.00096129428866616	0.222021074308717
0.831505246275915	0.14008158636555	0.00483497959961023	0.0235781877589243	0.872956750851125	0.057715097027333	0.0151908005801437	0.0541373515413978	0.783720630718945	0.201424482300047	0.0123885590952611	0.00246632788574716	0.995954536238967	0.00393335732306968	0.000112106437963797	0.954999855466182	0.00962836883317647	0.0353717757006419	0.829942096797789	0.0163212669496041	0.0115293931365236	0.142207243116083	0.845183800696892	0.0123558749721406	0.000232895793046548	0.142227428537921
0.859661032024771	0.113355726931042	0.00737216396177435	0.0196110770824119	0.875321425044855	0.0600183312462524	0.0129708249812053	0.0516894187276874	0.770138888640594	0.208715986332048	0.0163586316055165	0.00478649342184199	0.995906737551078	0.00127708521010475	0.00281617723881734	0.961597401269798	0.01190414563546	0.0264984530947416	0.824924372952264	0.0194183571320715	0.0154198429805129	0.140237426935151	0.820219962123602	0.00750557009143054	0.000322655022209256	0.171951812762758
0.88087415434164	0.101063246281071	0.00977437337071941	0.00828822600657017	0.871170007413605	0.0676740067109517	0.0130626673808723	0.0480933184945715	0.73587780290039	0.24319030303439	0.0142084368566394	0.00672345720858044	0.992058322882209	0.00236750376819594	0.00557417334959517	0.952174727948633	0.0165244784919548	0.0313007935594124	0.832615390591159	0.012595692488361	0.0160516125184757	0.138737304402004	0.761608160351365	0.0147984796726635	6.02454363784166e-05	0.223533114539593
0.872695436106148	0.108241409965018	0.00595043651160286	0.0131127174172311	0.873765370289482	0.0530770909222657	0.0215965990606463	0.0515609397276061	0.732365128107267	0.247977046192632	0.0140025916546215	0.0056552340454795	0.988290203209077	0.00813224201405487	0.00357755477686828	0.96116185472334	0.00901138475259474	0.0298267605240651	0.833985207331565	0.0150660819804778	0.010567732643947	0.14038097804401	0.81539783607747	0.00101147260007575	0.00156242100823711	0.182028270314217
0.898752220649444	0.0888563232036142	0.00898887577095911	0.00340258037598285	0.882443380216709	0.0511301192949148	0.0132151046166189	0.0532113958717575	0.729008411261805	0.241778140950792	0.017226962862204	0.0119864849251994	0.988734315492157	0.00623130592066865	0.0050343785871742	0.955838480793626	0.0128865247914219	0.0312749944149522	0.820893851723876	0.01916793203707	0.014694997487641	0.145243218751413	0.815899377237272	0.0145535161477216	0.00197610026758556	0.167571006347421
0.922921887913304	0.0646499797138148	0.00703468951407244	0.00539344285880894	0.879140848889614	0.0555661017615606	0.0103539877220505	0.0549390616267745	0.784364584160386	0.191109097933263	0.0140539172269436	0.0104724006794078	0.993455219602971	0.000448640939277192	0.00609613945775206	0.950762066030543	0.0165484060059883	0.0326895279634686	0.828023560224332	0.0172904914213644	0.0172638453851076	0.137422102969196	0.823917977609324	0.00111568518380918	0.00143188037235834	0.173534456834509
0.887565425389296	0.0914202418314915	0.00844534641767117	0.0125689863615415	0.873345458590801	0.0650178957028462	0.0128079555122108	0.0488286901941419	0.748940585414453	0.226287713905626	0.0161765142443954	0.00859518643552514	0.994381393271026	0.00439126555501246	0.00122734117396102	0.958324688967993	0.0234922906866885	0.0181830203453188	0.829518564623329	0.020649319596933	0.00858948801882268	0.141242627760915	0.790247979589313	0.0201569706682907	0.00404635407673166	0.185548695665664
0.899154239661304	0.0930227998437506	0.00717756083391053	0.000645399661034708	0.874607755660221	0.0621808019011205	0.017456238271366	0.0457552041672924	0.809204801408867	0.165032560276696	0.0184861933769852	0.007276444937452	0.994159375494918	0.00178531187556445	0.00405531262951739	0.977148430914808	0.00339092194700856	0.0194606471381831	0.823516467127078	0.0187238659943209	0.0155765879452508	0.142183078933351	0.814671234579512	0.0119693657113336	0.0074166986744372	0.165942701034718
0.884115071518471	0.105038836572305	0.00481906584801776	0.00602702606120546	0.877601138651948	0.061771895228617	0.00993817564194064	0.0506887904774942	0.726565489704452	0.246331111564199	0.021134590513023	0.00596880821832612	0.993333801654469	0.00356979255424981	0.00309640579128127	0.944343623527701	0.0156660991747727	0.0399902772975261	0.829427954458589	0.0160507909523609	0.0150873623694762	0.139433892219574	0.796317944923458	0.0243785588997318	0.00088870321662503	0.178414792960185
0.894376944910125	0.093293006877099	0.00237689134649006	0.0099531568662857	0.881450666466942	0.0568477690362666	0.0084906644847081	0.0532109000120836	0.758744654571187	0.222282183946542	0.0135847033919506	0.00538845809032109	0.993913847828791	0.0051358162252214	0.000950335945987587	0.973604403109345	0.00870167318708728	0.017693923703568	0.827931064797843	0.0142585621260588	0.0148649986586514	0.142945374417447	0.766839537307861	0.0318035021306935	0.0027494858345488	0.198607474726897
0.886833279787617	0.0859206697702486	0.0115672280621723	0.015678822379962	0.884643843885951	0.043270847107939	0.0187300563693965	0.0533552526367137	0.780254455877547	0.20390316207571	0.0129708036219809	0.00287157842476188	0.989925844067122	0.00377596947257473	0.0062981864603035	0.973231590260526	0.00410769033089513	0.0226607194085793	0.834623561790503	0.0161887236928242	0.0122311993514479	0.136956515165225	0.768931529855476	0.0039818088650528	0.0014768989405241	0.225609762338947
0.898696083808844	0.0855827965349402	0.00878624533525081	0.00693487432096469	0.882269125654602	0.0553366632792734	0.0119196421646613	0.050474568901463	0.764468027364908	0.208153605650365	0.0153504330681441	0.0120279339165826	0.988559652845613	0.00316404252452176	0.00827630462986529	0.95655459141435	0.01805913834677	0.0253862702388806	0.825141152096892	0.0225922848823862	0.0147351215820611	0.137531441438661	0.831112203598497	0.00779831175627216	0.00596358925567511	0.155125895389556
0.853314033905314	0.129305520386835	0.0101759986056506	0.00720444710220011	0.872047834864497	0.0576854747413064	0.0137041427597712	0.0565625476344255	0.767114854626731	0.210215660474975	0.0182723807577514	0.00439710414054233	0.999196194052153	7.97218531493606e-05	0.000724084094697736	0.96032142378488	0.00957585466906467	0.0301027215460552	0.835064178617414	0.0141630275712731	0.0115334967378792	0.139239297073434	0.851070748190728	0.0043592128824394	0.00487709004903995	0.139692948877793
0.904847315743046	0.0846625912261314	0.0088949985945547	0.00159509443626831	0.877730837769509	0.0479385995116556	0.0224718069671164	0.0518587557517192	0.785111144051733	0.193017724668956	0.0145224936961197	0.00734863758319212	0.994295678714508	0.00453326586025826	0.00117105542523374	0.958321683159246	0.0144609989658428	0.0272173178749111	0.819254355241721	0.0203619495521599	0.0133994925658373	0.146984202640282	0.757903910414237	0.0330488998948125	0.00261372645408237	0.206433463236868
0.871979871946698	0.107112219847554	0.0108724448179826	0.0100354633877655	0.87196857482142	0.0611595611964486	0.0156380994383337	0.051233764543798	0.754291259036903	0.227262993961065	0.0149932465140852	0.00345250048794644	0.986933243072212	0.00909784909024855	0.00396890783753941	0.958546184787673	0.0204914245973866	0.02096239061494	0.82559303421565	0.0172639412370037	0.0151505326139504	0.141992491933396	0.805087415830249	0.0400857021327898	0.00185503044312214	0.152971851593839
0.843938703448209	0.139758211924327	0.00706002045198732	0.00924306417547689	0.884510914257605	0.0493076073744339	0.0161882843842513	0.0499931939837096	0.72151678100641	0.25053325709167	0.0158848158836659	0.0120651460182542	0.992050289811641	0.00491939924535556	0.00303031094300352	0.965862907113518	0.00973651495829258	0.024400577928189	0.826038694978661	0.0198032326422457	0.0117283840187631	0.14242968836033	0.836050000035147	0.00467750645296406	0.00129298553033207	0.157979507981557
0.864354104203547	0.106253188519379	0.00924807952718538	0.0201446277498893	0.87186383795454	0.0548730238250902	0.0148045374258208	0.0584586007945491	0.747713563650589	0.236536583445529	0.0145692550199633	0.00118059788391847	0.994049687106976	0.0051480660274668	0.000802246865556755	0.969862159497701	0.00755096925816907	0.0225868712441297	0.824242810988687	0.01641188035293	0.0151161411942663	0.144229167464117	0.772064237589368	0.0199448516968625	0.00124008360054105	0.206750827113229
0.906126890124058	0.0887330029691021	0.00381575860950319	0.00132434829733671	0.868757317217036	0.0660089992499921	0.0105388026866958	0.0546948808462761	0.733293478548658	0.246224161474791	0.0159957224808634	0.00448663749568731	0.992131273342144	0.00711710425635124	0.000751622401504368	0.963377334402587	0.0139614500274736	0.0226612155699398	0.823455270541506	0.019457089022147	0.014166753562939	0.142920886873407	0.779441964272504	0.0307509238226133	0.000456053524231627	0.189351058380651
0.879751523923257	0.101714775564216	0.00429189688462011	0.0142418036279068	0.886103666792481	0.0491639678815406	0.0183105603541288	0.0464218049718497	0.756187391109257	0.218250642124749	0.0111429486507867	0.0144190181152068	0.991774865829085	0.00593434454625721	0.00229078962465754	0.977789306669956	0.00200720275657794	0.0202034905734656	0.831435895096432	0.0122320378633945	0.011696803495996	0.144635263544177	0.798453179261846	0.0301730597278659	0.00490018756509716	0.166473573445191
0.88577256564264	0.095093084715863	0.0102335097192752	0.00890083992222197	0.893204481054428	0.0380655889653662	0.0166777763193074	0.0520521536608986	0.754334835867829	0.226014565920402	0.0072553858222289	0.0123952123895403	0.991718475936549	0.00303635342079298	0.00524517064265824	0.964776447700478	0.00936378555878246	0.0258597667407391	0.82227438572086	0.0184259189683814	0.0177749634080699	0.141524731902689	0.748133862527924	0.0291732212312498	4.33665207892064e-05	0.222649549720037
0.86946292701233	0.117947930621552	0.00980209122383835	0.00278705114227929	0.8790839387031	0.0560096798676537	0.0146284569498178	0.0502779244794289	0.771314790150252	0.203591752877439	0.0174362957146101	0.00765716125769921	0.991908673312983	0.0068582681309455	0.00123305855607171	0.961815163865455	0.0162486276346395	0.0219362084999055	0.828329067706385	0.0183684579367046	0.0118136111492981	0.141488863207612	0.801900509162002	0.00651061762177015	7.44825021560431e-05	0.191514390714071
0.884812577093123	0.0836994465523296	0.0111092127149386	0.0203787636396085	0.876346143508173	0.0590288997659593	0.0145985952330551	0.0500263614928129	0.765400237603766	0.211835222966939	0.0183456611151785	0.0044188783141163	0.987651705237574	0.00825970904897277	0.00408858571345357	0.97473947238258	0.00479928926144703	0.0204612383559728	0.830428876587036	0.0179978665404042	0.00860955338696528	0.142963703485595	0.767666643936731	0.0325041024163007	7.90108734813466e-05	0.199750242773487
0.872806684515302	0.110470034649699	0.00231772062362421	0.0144055602113744	0.874699659770251	0.0582752196976782	0.01458162061487	0.0524434999172004	0.787930480585619	0.189757840452163	0.0129804358553108	0.00933124310690716	0.995273473426906	0.00212323615429758	0.0026032904187962	0.948615462269379	0.0204945497425964	0.0308899879880251	0.826690231633148	0.0194834528340624	0.0137927590497135	0.140033556483076	0.758586682853928	0.0279858777822956	0.00514532346792098	0.208282115895855
0.884686607470133	0.10100288830399	0.00801849189204675	0.00629201233383078	0.885400609478867	0.0519564918051868	0.0134469940076282	0.0491959047083179	0.762194613673107	0.220828524591815	0.0103371554713646	0.00663970626371329	0.987731708929942	0.00823435667075681	0.00403393439930143	0.960500093940452	0.0171838479970341	0.0223160580625136	0.834788278602535	0.0136525192877927	0.0146559640296953	0.136903238079977	0.722217461091854	0.0366632805728006	0.0055777238201694	0.235541534515176
0.897940949126097	0.0849177038678468	0.00633684958105482	0.0108044974250012	0.873931438361806	0.0573650931628731	0.0144530131442384	0.0542504553310826	0.768582695160654	0.211674772602853	0.0117953829142675	0.00794714932222505	0.983979781722758	0.0110977856428854	0.00492243263435635	0.963416726892288	0.0183859457529745	0.018197327354738	0.835911899636957	0.0117757016608986	0.0145775797013752	0.13773481900077	0.824558963205413	0.00475638986233298	0.000341538463755418	0.170343108468499
0.902624239602284	0.0831693091684583	0.0130427504515086	0.00116370077774956	0.881020624335843	0.0581181777604697	0.0137814293148075	0.0470797685888793	0.790875838756978	0.186189921341064	0.0165472098647654	0.00638703003719244	0.986335798712535	0.00820989459679167	0.00545430669067384	0.961208484685227	0.0112624859291137	0.027529029385659	0.828909408785788	0.0161285461098088	0.012867856711554	0.142094188392849	0.76822240854621	0.0063231087484546	0.00347843715807099	0.221976045547265
0.919242125643199	0.0619477838875311	0.00729029946378896	0.0115197910054811	0.878813379797817	0.053361016187866	0.017314149465804	0.0505114545485125	0.74540084091067	0.230303780581264	0.0144248620348462	0.00987051647321972	0.989386496214679	0.00128347307463577	0.00933003071068529	0.974761041087532	0.00820618552675732	0.0170327733857106	0.832913077876225	0.0109511645842908	0.0120665712462563	0.144069186293228	0.817946252995084	0.016962228200563	0.00261416414717797	0.162477354657175
0.875153115546221	0.109401730225691	0.00530693877139004	0.0101382154566983	0.872481636247955	0.0541987547932932	0.0222026937617329	0.0511169151970187	0.768463392111458	0.205018498404671	0.0167441053383216	0.00977400414554935	0.991027271554436	0.00471163657626587	0.00426109186929788	0.966771598004588	0.0150594076071636	0.0181689943882483	0.82355899710738	0.0158103040276228	0.0133489062168717	0.147281792648125	0.777484344526408	0.0223255015803543	0.00160933734756978	0.198580816545668
0.891362053030219	0.094724005364175	0.00848375715866135	0.00543018444694482	0.88935750693634	0.0504751635483797	0.0129172466929252	0.0472500828223554	0.728919759897905	0.249631942877008	0.0167773378108093	0.00467095941427721	0.9943252281854	0.000279332674349312	0.00539543914025081	0.95989932890601	0.00999030395767675	0.030110367136313	0.831460849248682	0.0145903133832348	0.0138469140194214	0.140101923348662	0.798161959755278	0.0112102285413041	8.36254674257985e-05	0.190544186235992
0.921819372412169	0.0687016618837229	0.00434489748672425	0.00513406821738418	0.88280212727398	0.0495977978717744	0.0150820524599943	0.0525180223942517	0.707228281243743	0.271837650283318	0.0111919683862652	0.00974210008667393	0.994915004736473	0.00492605990586666	0.000158935357660879	0.943380584011107	0.0280427249390457	0.0285766910498473	0.829240334711857	0.0182055732259545	0.00961650185820023	0.142937590203988	0.798404522237706	0.010857176353588	0.000321173851556372	0.19041712755715
