0.855898452780611	0.0957255271753736	0.0124566649250685	0.0359193551189469	0.893334006153907	0.0543477943621393	0.0103862350424108	0.0419319644415426	0.725835594138808	0.269251582487539	0.00442579120461035	0.000487032169042581	0.985457736674348	0.000340198176727005	0.0142020651489248	0.969373806435971	0.00996872310937742	0.020657470454651	0.86597360929456	0.0157093219227507	0.0116763197765222	0.106640749006167	0.822897915343033	0.00773644697320992	0.00891384161004518	0.160451796073712
0.873422770839126	0.0839542552551756	0.0103332856568063	0.0322896882488916	0.901605369626117	0.0426322785178899	0.00776744087187124	0.0479949109841217	0.772445689738435	0.216773573611681	0.00621292429291449	0.00456781235697053	0.979291138823489	0.00162217624645049	0.0190866849300604	0.962462600301941	0.016445436068215	0.0210919636298435	0.859233848154039	0.0174638027598705	0.0144741680276416	0.108828181058449	0.829268608674252	0.00699176943228066	0.011509195611767	0.1522304262817
0.866245586067497	0.0918834871308775	0.00974387753202839	0.0321270492695976	0.900634070235504	0.0502387701893154	0.00143015004522503	0.0476970095299555	0.747952648502958	0.239451173464781	0.0100399764474302	0.00255620158483104	0.98056814450752	0.00856895186833805	0.0108629036241425	0.974203182109186	0.00828043344908229	0.0175163844417314	0.868806088917651	0.0189452226568592	0.0083203886138242	0.103928299811666	0.822961446578328	0.0135403793510242	0.0101352673633117	0.153362906707336
0.860876874948168	0.0980942147993691	0.0101243397692912	0.030904570483172	0.901190378782375	0.0494782809545857	0.00225298426754283	0.0470783559954962	0.755493156340281	0.237522415854236	0.00429593634903229	0.00268849145645096	0.976480503864099	0.00166930404775148	0.0218501920881497	0.975729435001171	0.0104425107582781	0.013828054240551	0.870277711794508	0.0150953573466176	0.0123394741674915	0.102287456691383	0.820492099623547	0.01311435243618	0.0130059048687954	0.153387643071478
0.87237742421798	0.0826393414298408	0.0150108399941976	0.0299723943579817	0.912005474901934	0.0427000341492997	0.000737817255477512	0.0445566736932886	0.746732984441412	0.245899341474021	0.00650128619144558	0.000866387893121198	0.976923623445776	0.00619123729552699	0.0168851392586968	0.963644274704982	0.0131004278890295	0.0232552974059884	0.864575716676423	0.0193770914752518	0.0115859244838184	0.104461267364507	0.8264222540122	0.011524677669516	0.00813272822489283	0.153920340093391
0.864662592151916	0.0888094345128217	0.0118409965791482	0.034686976756114	0.90735943222028	0.0428969546990154	0.00470313919583984	0.0450404738848651	0.720464895337492	0.270661478587678	0.00475918012195431	0.00411444595287546	0.97939446248106	0.00164056798144245	0.0189649695374976	0.961164943123526	0.0146758351879536	0.0241592216885207	0.873370821291984	0.0151976971662804	0.0121452508495317	0.0992862306922043	0.826131081486215	0.0114716159992723	0.00719898333707151	0.155198319177442
0.871213470241287	0.0864446590944223	0.00813732361223827	0.0342045470520521	0.900319519053243	0.0416615688526093	0.00916179025341071	0.0488571218407371	0.765042082999874	0.22630749154753	0.0077787227122847	0.000871702740311089	0.981134575394657	0.00484215451371544	0.0140232700916276	0.965026203950497	0.0141225575527069	0.0208512384967959	0.866166507946469	0.0163030642594678	0.0117468710751868	0.105783556718877	0.83237980002142	0.00888223179962654	0.00711622506223171	0.151621743116721
0.870984389836673	0.0901109511852959	0.00819699738517992	0.0307076615928511	0.896674182647093	0.0500634928706928	0.0057903933366211	0.0474719311455931	0.718168080497883	0.274052265858598	0.00347908743397789	0.00430056620954047	0.983060874686636	0.00258165493639601	0.0143574703769681	0.969632985722034	0.0172570921379818	0.0131099221399841	0.865656106124733	0.0186566444566464	0.0075765102498133	0.108110739168807	0.824303504361827	0.00508751650334793	0.0135175250739782	0.157091454060847
0.862851910106486	0.0911325320301456	0.0113335678862037	0.0346819899771648	0.897348686586885	0.0496656680615812	0.00662546769801588	0.0463601776535178	0.71767216931556	0.26878867947819	0.00901205619724132	0.00452709500900905	0.976533223179312	0.00865178635373748	0.0148149904669507	0.964550287530225	0.0105167736223758	0.0249329388473993	0.869868105797574	0.0132797432480986	0.00921482427765983	0.107637326676668	0.825623539259654	0.00741277907169175	0.0124362474251383	0.154527434243515
0.876326435357426	0.0782500027384913	0.00991205857151526	0.0355115033325673	0.898249566109528	0.0469219501067006	0.00328170138624377	0.0515467823975281	0.748125721422483	0.244820369131555	0.00297973011520799	0.00407417933075365	0.978716951327875	0.00182556862459954	0.0194574800475249	0.965664227511728	0.0118709317553775	0.0224648407328942	0.869148754481713	0.0217062104001598	0.00699591014413887	0.102149124973989	0.826630118714603	0.0134151536966712	0.00415028801699177	0.155804439571734
0.864967872111289	0.0945175387525416	0.0111402945861967	0.0293742945499723	0.910476833467149	0.0366966845157334	0.00757048057017736	0.0452560014469399	0.74648611765426	0.243058621331141	0.0066732246981178	0.00378203631648199	0.981673324618332	0.00176408345555343	0.0165625919261144	0.963123773982624	0.0075229964652289	0.0293532295521466	0.864959274942445	0.0141721735914877	0.00861328922048568	0.112255262245581	0.82481610283652	0.0126655867771049	0.00574032784681249	0.156777982539563
0.867921237075094	0.092927745532207	0.00985534012485144	0.0292956772678474	0.89600954535322	0.0482030115147055	0.00616875934112881	0.0496186837909462	0.759914639664447	0.227443696585086	0.00582627270358311	0.00681539104688471	0.98223583594211	0.00352833067316478	0.0142358333847254	0.968516628699051	0.0110632298007608	0.020420141500188	0.84979258770513	0.0210475884880403	0.0173835415003299	0.1117762823065	0.827760734248858	0.0100884852963973	0.0108046734846033	0.151346106970141
0.870765258215009	0.0803679163663764	0.0124134810988204	0.036453344319794	0.904119902326585	0.0444171226502854	0.00791292206494697	0.0435500529581823	0.744670324539953	0.242513157602248	0.0093371927732221	0.00347932508457795	0.977073107568063	0.00683617607829546	0.0160907163536417	0.95671112277335	0.0220598297066366	0.0212290475200134	0.868117362369519	0.0200816310698785	0.00814206477669243	0.10365894178391	0.825853231539496	0.00779212672227795	0.0115967895655474	0.154757852172679
0.876234868871998	0.0787116086994275	0.0136854798017872	0.0313680426267878	0.899667865038708	0.0487039965601795	0.00532986342636375	0.0462982749747486	0.727991165047378	0.261881563722342	0.00896618302987913	0.00116108820040068	0.984421191691258	0.0019131840252292	0.0136656242835124	0.974976960759891	0.0134871931263431	0.0115358461137656	0.863042987584356	0.0124196802967206	0.0152502279091094	0.109287104209814	0.831801456561643	0.00793334446647425	0.00660545340569073	0.153659745566192
0.856068248134754	0.0987915956002485	0.008905812004181	0.0362343442608164	0.910996102465052	0.0385654401012316	0.00759860935342929	0.0428398480802876	0.779427386779539	0.207147597570879	0.0105914270174459	0.00283358863213707	0.983731473743926	0.00395606907107841	0.012312457184996	0.974323708775737	0.010103784138683	0.0155725070855798	0.869318867413101	0.0133831386564888	0.0143116747370868	0.102986319193323	0.836326968041838	0.0111643699683453	0.00118618052254222	0.151322481467274
0.856476294467071	0.096685713215468	0.0095425138624858	0.0372954784549752	0.905859357726161	0.0465016630670168	0.00435988266167151	0.0432790965451509	0.762268698224154	0.227189466479822	0.00770706510673512	0.00283477018928878	0.993424368956293	0.00332752025959723	0.00324811078411025	0.964267310543968	0.0197960156389777	0.0159366738170546	0.863191907471637	0.0177994749015672	0.0114549061319102	0.107553711494886	0.822097571805549	0.00845216999817006	0.0118882594610908	0.15756199873519
0.861152952142908	0.0959494305633061	0.0122480037444603	0.0306496135493253	0.907788351055613	0.0406425452599973	0.00825253888417104	0.0433165648002185	0.750062402779287	0.238105083485436	0.00898878762120747	0.00284372611407019	0.972097365794516	0.0110796800968901	0.0168229541085939	0.959761105844168	0.0171469295786552	0.0230919645771767	0.868430348930205	0.0123455613913442	0.0146737348911317	0.10455035478732	0.831565746817566	0.011580432913372	0.00562334615522369	0.151230474113838
0.875356135487732	0.0792473803088672	0.00903641506363363	0.0363600691397674	0.900454175154923	0.0501631412098846	0.00175949751869596	0.0476231861164962	0.820109804438108	0.167752825913312	0.0103056675977886	0.00183170205079167	0.973703901503334	0.00598030567216143	0.0203157928245042	0.96292334022376	0.0185651810469366	0.0185114787293034	0.868234404819268	0.0174430113284192	0.0118915501076087	0.102431033744704	0.822731344297111	0.0132692423724815	0.00951709791185129	0.154482315418556
0.85789045494051	0.0901151937385015	0.0157705723027925	0.0362237790181963	0.900524253185064	0.0452981490237751	0.00628758620882796	0.0478900115823324	0.748359393904335	0.240114566575934	0.00630792494773709	0.00521811457199387	0.981786889302951	0.00174181553673573	0.0164712951603134	0.966798473810728	0.0133052021202313	0.0198963240690409	0.864347401130173	0.0139489121058669	0.0131158102853889	0.108587876478571	0.822181173120652	0.0109772828744502	0.01077569709616	0.156065846908738
0.869942884665158	0.0919933557844357	0.00845634405478455	0.0296074154956215	0.89959983707342	0.0457625986283815	0.0104343595409934	0.0442032047572055	0.747805872523884	0.238022639557775	0.0116381765849599	0.00253331133338057	0.977416891340776	0.00830402357033547	0.0142790850888887	0.967966021344733	0.0119513619015967	0.0200826167536707	0.861923510815719	0.0132690316983376	0.0165796093484232	0.10822784813752	0.8117882453953	0.0157503736792956	0.0146637322249536	0.157797648700451
0.871113102895791	0.0829610390920138	0.0110974109568277	0.0348284470553672	0.892527613226932	0.0533456468243941	0.00468765379939227	0.0494390861492816	0.762508020797075	0.223967009788582	0.00698049087312413	0.00654447854121796	0.979169934885954	0.00605696255668415	0.014773102557362	0.958514964769383	0.0212804653814654	0.0202045698491521	0.871301273235461	0.0128567103298126	0.0135263012853028	0.102315715149423	0.824187598549256	0.0115080255376249	0.00636487470408968	0.157939501209029
0.862310732805198	0.0953443565947159	0.0116682860859001	0.0306766245141862	0.891286367989862	0.050964226479977	0.00819350011870182	0.0495559054114591	0.725055723592299	0.261012456923198	0.0112071978006184	0.00272462168388432	0.977259042630069	0.00968333247777377	0.0130576248921568	0.961964480181842	0.0182193470764337	0.0198161727417247	0.871285109692422	0.0141535465333141	0.0101479698642815	0.104413373909982	0.829436347297903	0.00812944503347478	0.0106561716445895	0.151778036024033
0.865264093470919	0.0945431502282806	0.0102814347962988	0.0299113215045013	0.897505491628442	0.0438059258367186	0.0119291816600633	0.0467594008747767	0.729834727931556	0.259366746222251	0.00805481031666271	0.0027437155295299	0.977422315132717	0.00624037687071359	0.0163373079965692	0.956356998337297	0.0153931122822127	0.0282498893804902	0.869335374975708	0.0133931433489778	0.0118100860283271	0.105461395646987	0.828094820165034	0.0094577991733609	0.0108974598610426	0.151549920800563
0.862202222963295	0.0964113429962783	0.00832405501137635	0.0330623790290503	0.89756872389091	0.049681648937636	0.0042728061285883	0.0484768210428659	0.750229868093579	0.238102502976239	0.00560204804899399	0.00606558088118801	0.980847201420666	0.00336806786321092	0.0157847307161229	0.973510115419438	0.0110723307208697	0.015417553859692	0.863740039221171	0.0146234955533558	0.0144033858896616	0.107233079335812	0.824090177410549	0.00501366276688706	0.0140214227820566	0.156874737040507
0.8693354395983	0.0860756120488635	0.0132692640254262	0.0313196843274102	0.907515212565422	0.0450427186286537	0.00433733516961287	0.0431047336363111	0.755419266640535	0.237260273823026	0.00722112154180725	9.93379946320393e-05	0.982037985368232	0.00458831210480183	0.0133737025269667	0.951270437080687	0.0186329165363739	0.0300966463829393	0.866584771811545	0.0142813014572829	0.0123545762478961	0.106779350483276	0.832026762645064	0.00679680886896691	0.00673526140251331	0.154441167083456
0.891138191879872	0.0659783527948766	0.00721264759266444	0.0356708077325873	0.908878280152814	0.0417000718723032	0.00447778290687011	0.0449438650680125	0.700288025016317	0.288534763685193	0.00747322848305095	0.00370398281543879	0.986317887440559	0.00441663329283085	0.00926547926660984	0.962843085202224	0.0117447561828861	0.0254121586148901	0.868396103572338	0.0150893840968095	0.0128779056753749	0.103636606655478	0.825383390073369	0.0091418074721589	0.00853038327451358	0.156944419179959
0.864725696149204	0.0906154065293249	0.0107066963764143	0.0339522009450567	0.89219552062529	0.0548706652318307	0.00621725456703542	0.0467165595758444	0.737898700341101	0.256331714416473	0.00506524915918924	0.000704336083236724	0.978901375305084	0.00722059265365084	0.0138780320412657	0.965844430068041	0.0117417613216555	0.0224138086103034	0.86920711667271	0.0147081869938809	0.0136348689283581	0.102449827405051	0.823010962099554	0.0131108178723565	0.00805765419881475	0.155820565829274
0.86275824924235	0.0937205376514116	0.0132336934848904	0.0302875196213484	0.903308227359988	0.043565158865184	0.00322472708912476	0.049901886685703	0.753256519618889	0.238834875809301	0.00565341229859584	0.00225519227321377	0.97642388427435	0.00343517141813414	0.020140944307516	0.964350647997161	0.0115060842459734	0.0241432677568659	0.86331942652316	0.0176074922948417	0.0128695026436962	0.106203578538302	0.824767134484883	0.00692771195095317	0.0129469160130243	0.15535823755114
0.873406027926294	0.0831542228788736	0.00914204594674473	0.0342977032480876	0.898744928234602	0.044849557084993	0.0073844198147636	0.0490210948656416	0.766443521742193	0.222734687640549	0.00868030701377604	0.00214148360348186	0.978152077000953	0.00144483031930303	0.0204030926797443	0.962648252368478	0.0106339308571688	0.0267178167743537	0.867259268125862	0.0177416933393687	0.0128677869500607	0.102131251584708	0.819806305477712	0.0102068491576686	0.00995324776626695	0.160033597598352
0.863230572071952	0.0925345249272091	0.00898260336689023	0.0352522996339484	0.909665428863611	0.0419548404042067	0.00501447366213636	0.0433652570700461	0.747276889229286	0.246137594979187	0.0065670842620174	1.84315295102128e-05	0.977110794036933	0.0092312566160524	0.013657949347014	0.958763936656929	0.0204765895907318	0.0207594737523396	0.866831198231007	0.0127557096981412	0.0128582716635048	0.107554820407347	0.827221034098413	0.00878641139259555	0.00930162473636449	0.154690929772627
0.858588456432526	0.0914887691420781	0.0168924182475385	0.0330303561778576	0.907392799760597	0.0401837088558884	0.00611544254373655	0.0463080488397783	0.701466490191192	0.291259214591285	0.00492580272360469	0.00234849249391864	0.979068564953041	0.00921376682639267	0.0117176682205668	0.95873506078844	0.0168385181976964	0.0244264210138639	0.861581710985512	0.0146837414139821	0.0113852558843819	0.112349291716124	0.827289362293227	0.013884815853255	0.00461046851609696	0.154215353337421
0.867066324039305	0.0880197152682611	0.0117874293608015	0.0331265313316325	0.899196279803324	0.0433731765803282	0.00913434955947694	0.0482961940568708	0.701178443996686	0.288874549742158	0.00919994673745009	0.000747059523706083	0.983899604324818	0.00156149880015759	0.0145388968750241	0.966179420413108	0.0204589934472056	0.0133615861396862	0.865620832242616	0.0187832611067942	0.0108839818123276	0.104711924838262	0.827038214251093	0.0104990053946896	0.00564789689668845	0.156814883457529
0.856143841293966	0.0957574632472343	0.0167729277037296	0.0313257677550701	0.914964733351389	0.0363684205788264	0.00538539181451	0.0432814542552748	0.721398549557766	0.262996348363919	0.00866974376281926	0.00693535831549585	0.986847638598265	0.00116763419384193	0.0119847272078932	0.959993135365719	0.0152575194334489	0.0247493452008322	0.862989643940228	0.0152736619560124	0.0184206907076035	0.103316003396156	0.823338789588644	0.0112751938423825	0.00883841593799254	0.156547600630981
0.856640015849443	0.0986244165277368	0.016798382759771	0.0279371848630494	0.901004837316089	0.0462205326679009	0.00919326149227068	0.0435813685237392	0.754184760270751	0.235571495493713	0.0100457503073102	0.000197993928225507	0.979368879186613	0.00449388035041236	0.0161372404629742	0.95829184961721	0.0162235517427374	0.0254845986400524	0.872915625525103	0.0120353214806955	0.0106163009120998	0.104432752082102	0.826164074251987	0.0123505603462972	0.0092444045239975	0.152240960877719
0.870211545869778	0.0824589544982428	0.0140827696231633	0.0332467300088165	0.892941478993704	0.0474505469991218	0.0107721671302505	0.0488358068769239	0.728573290432546	0.253804413789772	0.0119075862472793	0.00571470953040256	0.988841341954993	0.000490123198963855	0.010668534846043	0.965597606134197	0.0133687507649901	0.0210336431008135	0.856693633991867	0.0203709152255664	0.0146961645762075	0.108239286206359	0.83833965194446	0.00748862409350849	0.000732259305238847	0.153439464656793
0.859035844351273	0.0948228422410812	0.0117222474490329	0.0344190659586131	0.913209195991333	0.0339504087047778	0.00616545086801482	0.046674944435874	0.762923172797382	0.223516080462352	0.0114186506974342	0.00214209604283256	0.976780263356352	0.00643540567196865	0.0167843309716796	0.967295720063768	0.015502548120629	0.0172017318156029	0.872435335419215	0.011953498304565	0.0107372183118943	0.104873947964326	0.83060667545147	0.011810388061816	0.00995943552861126	0.147623500958103
0.871620897759015	0.0847641784351851	0.0122798688781763	0.0313350549276241	0.903022019560798	0.0462420590088811	0.00241410846485734	0.0483218129654636	0.817716611752334	0.179488466530199	0.000543382127734455	0.00225153958973232	0.980559739650433	0.00630326330807706	0.0131369970414903	0.966406019882244	0.0160323487697924	0.0175616313479637	0.868545325037018	0.0116338117456787	0.0134208241158811	0.106400039101422	0.825145418098279	0.0117515527395524	0.0125617641269737	0.150541265035195
0.865667051394844	0.0907551318959139	0.0156951220813941	0.0278826946278478	0.904170744554763	0.0438119970048223	0.00466517677314718	0.0473520816672671	0.774849727193944	0.209920251882315	0.00782474804799398	0.0074052728757468	0.971148217961666	0.0107456605184031	0.0181061215199314	0.96148443911135	0.0183789185670439	0.0201366423216067	0.867961342896033	0.0144164081020336	0.0124497710661063	0.105172477935827	0.826740323552167	0.00956094644460841	0.0110001933150305	0.152698536688194
0.865389345925239	0.0926551258124891	0.00961039988529062	0.0323451283769814	0.898805559158818	0.0487148855817719	0.00392495010559366	0.0485546051538161	0.757150913227831	0.23262419901663	0.0074124484912266	0.00281243926431276	0.981118416131361	0.000637743276309269	0.0182438405923294	0.967294802899808	0.0138969445608436	0.0188082525393482	0.869382983062382	0.0156883028068124	0.0119369877339583	0.102991726396847	0.828130662249593	0.00496141456687115	0.00969800736394844	0.157209915819588
0.864349029490664	0.0881474002239905	0.0100697167874199	0.0374338534979256	0.904487536571955	0.0511705505249846	0.00314138676362309	0.0412005261394374	0.758628990225594	0.227824724477486	0.0092258621649774	0.00432042313194294	0.981145937342549	0.00423536925610363	0.0146186934013471	0.964597863402997	0.0191134351903774	0.0162887014066252	0.861458578067837	0.0159761540536504	0.0125121541485416	0.110053113729971	0.828055160552238	0.012646361598832	0.00830553455259067	0.15099294329634
0.858006246503956	0.0936618905246977	0.0146768272039526	0.0336550357673941	0.899005098470503	0.042900075773329	0.0112829249056415	0.0468119008505263	0.753792248022652	0.232534839937602	0.00904275715908316	0.00463015488066301	0.977894883261425	0.00980226718454857	0.0123028495540264	0.962487009870179	0.0158238786140809	0.0216891115157403	0.869062459173396	0.00693095342984421	0.0157539642092969	0.108252623187463	0.824931208517904	0.0149721878569181	0.00826054437614854	0.151836059249029
0.869007312280783	0.0891158232775036	0.0106259603690885	0.0312509040726244	0.907718277895862	0.0422696126916869	0.00563076458659	0.0443813448258615	0.744139361211189	0.248748843062013	0.00600674527190379	0.00110505045489381	0.976163763778012	0.00807925742072979	0.0157569788012581	0.96181248404122	0.0122285885980698	0.0259589273607098	0.860589494907875	0.0157742888310275	0.0159100181488409	0.107726198112257	0.831888023017641	0.00447627545153213	0.00869046371758825	0.154945237813239
0.872686140829759	0.0800057485855359	0.0178340815568317	0.0294740290278735	0.895790650663625	0.0466753202879171	0.0092313417950167	0.0483026872534413	0.705019222003579	0.288383265078786	0.00590256879948848	0.000694944118145938	0.982166062828022	0.00450107090666963	0.0133328662653079	0.959803910297766	0.013980305682454	0.0262157840197801	0.867539802306402	0.0149866204898629	0.0118404940655932	0.105633083138142	0.822864363378264	0.0080830689236637	0.0114381394646325	0.157614428233439
0.880086607703804	0.0788451895934826	0.00749455405769835	0.0335736486450153	0.89938651878382	0.048000404809691	0.0055849296397204	0.0470281467667687	0.758906088030093	0.229293511366207	0.00894515007438419	0.00285525052931597	0.984113546273753	0.000762413610734861	0.0151240401155123	0.979099520213447	0.0104254252874201	0.0104750544991333	0.862571700501835	0.018356125475584	0.0101754861281166	0.108896687894464	0.829171765104255	0.0117497695976868	0.00872012070789415	0.150358344590164
0.858340597722537	0.0956696630055262	0.0108322510929433	0.0351574881789938	0.909589912486224	0.0389672627334034	0.00829297964844847	0.0431498451319242	0.744923652201086	0.23968131794773	0.0111962943302022	0.00419873552098154	0.975661653154664	0.00690572158102925	0.0174326252643072	0.967653349558733	0.0145131906349587	0.0178334598063089	0.865690627528499	0.0165008381447553	0.00939886474045644	0.108409669586289	0.826320717958045	0.0112844624120309	0.0132472404544258	0.149147579175499
0.863368451854738	0.0903278301822679	0.0122860895299414	0.034017628433053	0.888120252375413	0.0517843353855727	0.0121270647576041	0.0479683474814099	0.729945115560546	0.260500134986831	0.00472966618627861	0.00482508326634458	0.980774636760798	0.00762350029070525	0.0116018629484972	0.958008514237746	0.0177710746167377	0.0242204111455164	0.856189293697367	0.0167495974639767	0.019390442505189	0.107670666333467	0.831871346817375	0.0102336901905568	0.00585868886686171	0.152036274125207
0.859635247902195	0.0935737003278174	0.0115122848214036	0.035278766948584	0.9029797633337	0.0466727488305766	0.00723398823229727	0.0431134996034263	0.754375372894588	0.239623145904281	0.00255696685653235	0.00344451434459884	0.975382853476047	0.0134859650724722	0.0111311814514811	0.963739353062403	0.0117554285303846	0.0245052184072128	0.862626488774257	0.014877397735694	0.0106138728720243	0.111882240618025	0.828158447898334	0.00744934644634911	0.010399537082997	0.15399266857232
0.8661142110185	0.0926792294601095	0.00925179690694612	0.0319547626144441	0.901559063015921	0.0444378298491593	0.00629153367922997	0.0477115734556901	0.754391274315695	0.23760971126184	0.00763081758091792	0.000368196841546981	0.980726937941845	0.00190726278149481	0.0173657992766607	0.962854457520957	0.0184520168955986	0.018693525583445	0.863668144875316	0.0159103822807828	0.0156203258714027	0.104801146972499	0.827780401650999	0.0122824341414636	0.00467117382960973	0.155265990377928
0.862167375522365	0.0895437288407631	0.00941152108229835	0.0388773745545737	0.903174014906998	0.0406429853523319	0.00833083659931883	0.047852163141351	0.777005281079471	0.216947330541301	0.0049639203056675	0.00108346807356058	0.968744488758794	0.010874535371289	0.0203809758699167	0.97384187251899	0.008538246477511	0.0176198810034989	0.862906646961592	0.0139422339730465	0.019198842853479	0.103952276211883	0.82273468936078	0.0105628085864163	0.0142318619955484	0.152470640057255
0.878517834346203	0.0836620698477455	0.00817241515156541	0.0296476806544862	0.895700850071859	0.0488073912853153	0.00803267533713055	0.0474590833056954	0.76511984307016	0.22497172969393	0.00686541981087044	0.00304300742504011	0.979282083761334	0.00358318790736238	0.0171347283313039	0.969667339728569	0.0138037915217644	0.016528868749667	0.868077237474399	0.0188658739040014	0.0119293649928942	0.101127523628705	0.820548710494916	0.0103728105782851	0.0138881305869677	0.155190348339831
0.870283704412236	0.0869740305199917	0.00909929934615203	0.0336429657216206	0.90521438382753	0.0513450409849335	0.000789372996384708	0.0426512021911513	0.795727990032907	0.189230733966488	0.0111583156810388	0.00388296031956535	0.979539671267238	0.00419989230431178	0.0162604364284503	0.972913351198733	0.011784148052565	0.0153025007487025	0.870154187475764	0.0164268904609319	0.00881211812459811	0.104606803938706	0.827922479071826	0.00592964123214574	0.00851465720347326	0.157633222492555
0.85468003063269	0.100632811882288	0.0120955586502961	0.0325915988347267	0.903398290195099	0.0400193531620731	0.0122038665960442	0.044378490046784	0.685326697935689	0.30158095250782	0.0103976257384366	0.00269472381805445	0.976834812229262	0.00653260017120497	0.0166325875995327	0.972149080692941	0.016450841753178	0.0114000775538815	0.865339921743299	0.0154648995817371	0.0163653398167306	0.102829838858234	0.822166399396011	0.0102375396530952	0.0108803382309708	0.156715722719923
0.863300370366408	0.092880679715996	0.0106529101033476	0.0331660398142482	0.892141477280163	0.053304865897249	0.00675051033551578	0.047803146487072	0.76321171229859	0.232654215126773	0.0030744684447974	0.00105960412983943	0.982293094060341	0.00464940351539166	0.0130575024242669	0.968057876187297	0.0116338557050714	0.0203082681076315	0.859051446529826	0.0159437602402502	0.0180368420486928	0.106967951181232	0.819508274794597	0.0151338619019694	0.00951474330053096	0.155843120002903
0.877695318818016	0.0739675185118055	0.0137602248346547	0.0345769378355239	0.895562661334825	0.0466737858385341	0.00866118312400934	0.0491023697026314	0.745192651337453	0.236979432628004	0.0127960493899901	0.00503186664455258	0.977510259839633	0.00684618525326311	0.0156435549071042	0.962754698750821	0.00789630384368909	0.0293489974054898	0.857996208504737	0.0179387959740533	0.0167266873850662	0.107338308136144	0.825540663549311	0.0136137093160749	0.0054216379708998	0.155423989163715
0.876773496156533	0.0779611699394273	0.0152007878291305	0.0300645460749097	0.897935797223589	0.0447258617685447	0.00956692001879391	0.0477714209890728	0.756191322805523	0.232224176635165	0.00832891067836385	0.00325558988094829	0.977723273905828	0.00314034043213434	0.0191363856620375	0.963422123281698	0.0185211370757866	0.0180567396425152	0.863144197849222	0.014266986701457	0.0123133606883158	0.110275454761005	0.823861156913374	0.0120946302611906	0.010107067350034	0.153937145475401
0.877333566059623	0.0798410197842704	0.0120504695902439	0.0307749445658629	0.892181044949711	0.0487445819906096	0.0100152552987115	0.0490591177609678	0.719464419160563	0.268192878031652	0.00914307917048074	0.00319962363730432	0.984961517062585	0.000391749974866684	0.0146467329625486	0.96502986140526	0.0126571917093106	0.0223129468854297	0.872632412259236	0.0118400149016277	0.00896185281213443	0.106565720027002	0.832477132043089	0.00380132618178257	0.00934972287186112	0.154371818903267
0.870983849988661	0.0914020819963943	0.0106342836115697	0.0269797844033754	0.890468625182542	0.0527881367460821	0.0104215731485497	0.0463216649228259	0.716760628786343	0.274331352409461	0.0059808814845489	0.00292713731964782	0.976596993423147	0.00855144372317214	0.0148515628536811	0.963358150999806	0.0144924915505338	0.0221493574496605	0.872101100534749	0.0116558470089453	0.0110493845288404	0.105193667927465	0.824059540241658	0.00855920240177092	0.00947653322110246	0.157904724135469
0.864666761549294	0.0881391739197542	0.0122127894417939	0.0349812750891583	0.904743479776696	0.0423173643327933	0.00216086583248526	0.0507782900580254	0.791509234669242	0.201426234847904	0.00474089481016814	0.00232363567268623	0.986009078723205	0.00501941937673889	0.00897150190005653	0.967958305788258	0.0138097993325346	0.0182318948792076	0.860534928955129	0.0217792161672863	0.0129427693007026	0.104743085576882	0.830449862626432	0.00964140751675991	0.00482265807475779	0.15508607178205
0.870411526853359	0.0859003617155043	0.0122696549618616	0.0314184564692746	0.89881989954634	0.0498505490983075	0.00210190717075208	0.0492276441846006	0.772276039489073	0.216196809321297	0.0102843187538759	0.00124283243575395	0.983041615371122	0.00252787440787527	0.0144305102210029	0.960276822880436	0.0148056291112431	0.0249175480083206	0.862061801061005	0.0165361133552437	0.0142338039755769	0.107168281608174	0.821344539080704	0.0102379158644062	0.0133032077535232	0.155114337301367
0.845505713351606	0.103666410717176	0.0143620017480489	0.036465874183169	0.903507527246273	0.0398320616986092	0.00752613239295705	0.049134278662161	0.756186747184853	0.23101554634472	0.00893171034094042	0.00386599612948652	0.980629047794602	0.0100874723457683	0.0092834798596301	0.964508996467789	0.0126519878022705	0.0228390157299402	0.861036583915182	0.0206780230345921	0.0134880927220627	0.104797300328163	0.82162872515066	0.0145969574109467	0.0083650646861097	0.155409252752284
0.860415288290513	0.0999182516667614	0.00896254110385882	0.0307039189388673	0.894165175622902	0.0517732504429779	0.00476834492234837	0.0492932290117722	0.728742798645529	0.258245861873283	0.00631541308521418	0.00669592639597391	0.979778211340093	0.00530049918918714	0.0149212894707198	0.968974026905471	0.0125123283676486	0.0185136447268808	0.862393279370033	0.0153672245647227	0.0170009775871938	0.105238518478051	0.825952907882439	0.0102896411976503	0.00927280002621867	0.154484650893692
0.868783188986841	0.0889852388670073	0.00693705589004692	0.0352945162561047	0.905334983295904	0.0343734265739	0.0108461631524681	0.0494454269777274	0.804783906404359	0.185137386883766	0.00741520169788584	0.00266350501398931	0.977143936161191	0.00117294483612103	0.0216831190026879	0.969494486095546	0.0150234508826558	0.0154820630217981	0.872312695098796	0.0102739883004579	0.0112172344829324	0.106196082117814	0.82660662507257	0.0111603808984353	0.010401659725542	0.151831334303453
0.876449312580698	0.0794746187243953	0.0102998373585861	0.0337762313363201	0.886970383868194	0.049172654537391	0.0137565424597054	0.05010041913471	0.75932392029755	0.228420704614607	0.00810757235685392	0.00414780273098894	0.97148359951693	0.00812163331521626	0.0203947671678542	0.959691649518376	0.020039473140506	0.0202688773411177	0.864217185675303	0.0175909580611977	0.0139144530387924	0.104277403224707	0.824268297000582	0.0113569286607957	0.00896663058125253	0.155408143757369
0.872007361911523	0.0819713174043219	0.0161730745540282	0.0298482461301267	0.910701485658416	0.0339591087691589	0.00795570352520816	0.0473837020472171	0.757610476448638	0.235021177759546	0.00589578814431226	0.00147255764750385	0.982823059813808	0.00081582327192979	0.0163611169142618	0.968055773794449	0.0115596421206668	0.020384584084884	0.863197534755233	0.0156929295771597	0.01346962030759	0.107639915360018	0.825440698003432	0.0130363700407284	0.00827796396985669	0.153244967985983
0.877807854846978	0.0791523677441545	0.0154680995675213	0.0275716778413466	0.899693559552491	0.0445461750143908	0.0111062392923608	0.0446540261407575	0.71813475963042	0.270480583319375	0.0110901589441477	0.000294498106057565	0.971668447300361	0.00913894588010173	0.019192606819537	0.970214013356847	0.0133662859939034	0.0164197006492499	0.862431141543456	0.0170964194546613	0.0102259328350054	0.110246506166878	0.829599230070088	0.0122988569912013	0.00409663664270632	0.154005276296004
0.870210585812436	0.0856269897807322	0.00839933551875602	0.0357630888880757	0.905278686093679	0.0377779075985971	0.00972294077828056	0.047220465529443	0.753678750025519	0.226842446796406	0.0135287919490236	0.00595001122905127	0.977027456243955	0.00320286295964633	0.0197696807963986	0.961515823678983	0.0122421829324932	0.0262419933885234	0.864549630414073	0.015760805218249	0.0153034275978097	0.104386136769868	0.823769573212407	0.0056162132548772	0.0168506879495622	0.153763525583154
0.868967873023375	0.0916347784857438	0.0117941980934278	0.0276031503974536	0.906172378994464	0.0405044554706814	0.00546812585498062	0.0478550396798739	0.770792692886902	0.22190336755351	0.00523596998746669	0.00206796957212116	0.969635892594008	0.0133166281210549	0.0170474792849369	0.961405380170329	0.0158925701156461	0.0227020497140252	0.86149838235767	0.0196758865395189	0.010650342744808	0.108175388358003	0.828592353385413	0.0122618091516361	0.0086177380925925	0.150528099370358
0.854865117552187	0.0979063489928738	0.0122745586426239	0.0349539748123156	0.891843736281613	0.0499369151050794	0.00706102756760086	0.0511583210457073	0.709201186769478	0.279263154577592	0.0103001313422605	0.0012355273106693	0.975964289211843	0.00600692210700055	0.018028788681157	0.961604407425395	0.0133596508504253	0.0250359417241796	0.856765500291663	0.0192811355399353	0.0153736896485571	0.108579674519845	0.832615007799193	0.0125030112677714	0.00570883848096353	0.149173142452072
0.857564195978202	0.0924649891640012	0.0173169963489188	0.0326538185088784	0.896278752111116	0.0434723714861474	0.0103749316244127	0.0498739447783243	0.746594159489391	0.241608401162937	0.00716083790996525	0.00463660143770608	0.977528569700613	0.00292442939506111	0.0195470009043258	0.964989620075955	0.014645432635737	0.0203649472883083	0.855334458191906	0.0195129995007596	0.0160228225832632	0.109129719724072	0.830857443118633	0.00518045800590025	0.00675037801788831	0.157211720857578
0.870499940717245	0.0847958340460202	0.0116575690921342	0.0330466561446008	0.903451961737253	0.045263619798534	0.00540118244401678	0.045883236020196	0.735737485284318	0.254430298468152	0.00761254714499826	0.00221966910253213	0.978054045709192	0.00483547948050905	0.0171104748102986	0.961205657260324	0.0153334075585951	0.0234609351810811	0.864580005842039	0.0159526758087185	0.0106150330080536	0.108852285341189	0.822832107585635	0.0133674269130201	0.00856116984978985	0.155239295651555
0.860176726001866	0.0942565724133775	0.0152124314013543	0.030354270183402	0.912291877656204	0.0355017133393534	0.00429491290506835	0.0479114960993743	0.793973532246684	0.204097596476107	0.00171203612710359	0.00021683515010511	0.974772352436031	0.01093794699505	0.0142897005689188	0.965152725138779	0.0164633348850966	0.0183839399761248	0.872360834408301	0.00967522990267381	0.0139914966011955	0.10397243908783	0.822953233588461	0.00896659874479808	0.00793239804851232	0.160147769618229
0.860020687889779	0.0954377516700705	0.011920634594149	0.0326209258460019	0.908740474609086	0.0374127489010138	0.00503419062147353	0.0488125858684262	0.700572228694432	0.294384948980475	0.00368970644815843	0.00135311587693438	0.978296372882741	0.00611972509589355	0.0155839020213652	0.960655322460007	0.0198440136853926	0.0195006638546001	0.867686214166397	0.0108343585408153	0.0125928629373403	0.108886564355447	0.824009606485106	0.0107866399576073	0.00905543048917636	0.15614832306811
0.869083726465254	0.0817633973182393	0.0137823586133089	0.035370517603198	0.900153377318329	0.0503538909018256	0.00622317668113325	0.0432695550987118	0.760142837176251	0.225380495015931	0.00956623916381546	0.00491042864400197	0.982033989370585	0.00192641107471935	0.0160395995546959	0.965315299786232	0.0133187805067774	0.021365919706991	0.867381772590814	0.015879576162938	0.00840509966995907	0.108333551576289	0.832186323290413	0.00604382090722153	0.00835529370403919	0.153414562098327
0.874209719027639	0.0800278964232788	0.0122942373783635	0.0334681471707186	0.888519687821535	0.0531133381016469	0.00857058901711064	0.0497963850597077	0.726754879434983	0.264372454590038	0.00742299411636647	0.00144967185861289	0.977981106641737	0.00690008263134297	0.0151188107269201	0.966156726824812	0.0115731776583845	0.0222700955168036	0.855272943510764	0.0168475752341796	0.0175129775575201	0.110366503697536	0.827083645208665	0.0133325242694792	0.00935051628891252	0.150233314232943
0.864202837704015	0.0957428531640106	0.00940956991087371	0.0306447392211011	0.897618778183315	0.0458988786458594	0.00324261243967159	0.0532397307311537	0.752600823771014	0.237008580353867	0.0062640027107037	0.00412659316441532	0.978187748901016	0.00189733720346164	0.0199149138955222	0.966137730188369	0.0135040132603118	0.0203582565513198	0.864311148393254	0.0177105121190787	0.00832979399067583	0.109648545496992	0.816371434266554	0.0138908745524658	0.0138086652866893	0.155929025894291
0.870988950665814	0.0804380351355213	0.0141584102239687	0.0344146039746962	0.893870312407671	0.0528657506443127	0.00863933001003977	0.0446246069379771	0.76500083466071	0.231759662594089	0.00310943464981247	0.000130068095388397	0.980862779889157	0.00387573562490493	0.0152614844859382	0.973153825612862	0.0126511603467339	0.0141950140404036	0.857721322912435	0.0206073384532144	0.0132054835147906	0.10846585511956	0.826395360962688	0.00863057472685717	0.0113457382417008	0.153628326068754
0.86873922152393	0.0849594414696189	0.0109845906652068	0.0353167463412444	0.899422157534468	0.0459426845659248	0.00951021853034535	0.0451249393692617	0.732067154501884	0.260352826958945	0.00463480344125286	0.00294521509791792	0.97915931359968	0.00632130169405902	0.0145193847062607	0.96694440191862	0.0148908058477623	0.0181647922336178	0.860621663706789	0.0188867399875876	0.00986215262319798	0.110629443682425	0.815885096008999	0.0124638130860174	0.0129566885191192	0.158694402385864
0.865939610870249	0.092082524848659	0.00934827408156967	0.0326295901995227	0.907452000120736	0.0387698503946755	0.00712633500459521	0.0466518144799934	0.749767349022589	0.239326966069001	0.0104827243908063	0.000422960517603536	0.982323717318125	0.00395657383318581	0.0137197088486891	0.974957993952597	0.0128970002160462	0.0121450058313566	0.878535945860008	0.0104574660349133	0.00455072782475114	0.106455860280327	0.827920008969679	0.00720047617823806	0.010265756208334	0.154613758643749
0.862575804883434	0.0899147378214935	0.0115380719022965	0.0359713853927765	0.907347243451957	0.0423181167772899	0.00654630722329191	0.0437883325474607	0.774846518707885	0.209900407220787	0.00866387120290636	0.00658920286842075	0.977945018654267	0.00723997694374019	0.0148150044019924	0.96111730321666	0.0141841681168565	0.0246985286664834	0.865531111947491	0.0205646989868307	0.0127472757815157	0.101156913284163	0.827711856940615	0.00632210851064444	0.0123766001656681	0.153589434383072
0.878609729017141	0.0803353623875746	0.0113803225556414	0.0296745860396428	0.890561088323876	0.0472247423949953	0.00908081155234908	0.0531333577287797	0.735582723422917	0.260124565445862	0.00401730781869411	0.000275403312527519	0.979721315902018	0.00354473384180909	0.0167339502561725	0.972753493130419	0.0153426969693107	0.0119038099002703	0.857471895077772	0.0192286758986377	0.0125060601390319	0.110793368884559	0.813588066996489	0.0157314945793636	0.011548170193863	0.159132268230285
0.865476882004801	0.0925992710720617	0.0120155158996059	0.0299083310235311	0.89729764695698	0.0510871527881296	0.00863262920771987	0.0429825710471711	0.721604962314394	0.268749113897201	0.00867639774377612	0.000969526044629019	0.980384933113637	0.00266426531928897	0.0169508015670743	0.968287348904265	0.0142460392607749	0.0174666118349605	0.86477902226832	0.016525574644105	0.0134138249129023	0.105281578174673	0.822425306355629	0.0149169126620669	0.0082378658121116	0.154419915170192
0.853041613945734	0.10215166218079	0.0155214332731994	0.0292852906002774	0.912468376433666	0.0346877195005085	0.00635542588441549	0.0464884781814103	0.79451811290203	0.199237696764982	0.00533320526679466	0.000910985066193006	0.980971807825073	0.00633004412444779	0.0126981480504792	0.967322970280594	0.0122631582732295	0.020413871446177	0.86726021675757	0.014274416016476	0.00924352346684779	0.109221843759106	0.820843005648994	0.011266193880131	0.0104829221316363	0.157407878339239
0.864034965022111	0.0885235865502651	0.0142774672245275	0.0331639812030965	0.900036946619044	0.0454038289699285	0.007251216719263	0.0473080076917642	0.733914571110105	0.258632339796058	0.00451048058354684	0.00294260851029062	0.975444353262476	0.00598831468186113	0.0185673320556627	0.962987515374166	0.0164762562392769	0.0205362283865574	0.858518562749558	0.0192430810467707	0.0152658215878271	0.106972534615844	0.826443554295223	0.0106460778900529	0.00777305017512255	0.155137317639601
0.858099003766641	0.099127607157246	0.0128527835349833	0.0299206055411302	0.911689480234434	0.0376664244578502	0.0051124307422615	0.0455316645654543	0.794208271040411	0.199042566350902	0.00441946043915	0.00232970216953732	0.973296929650723	0.00594395747694065	0.0207591128723363	0.971148234379645	0.00905797904881402	0.0197937865715411	0.864582051892315	0.0220829676410091	0.0088040644535088	0.104530916013167	0.826778709054492	0.0080036046366811	0.0108602080058401	0.154357478302987
0.850006287065062	0.104430478792654	0.0115921412787184	0.0339710928635651	0.890306349481416	0.0496313468211894	0.010922005232606	0.0491402984647882	0.793670330456224	0.19842826789403	0.0049334855727315	0.00296791607701444	0.981485509143919	0.00630046818313708	0.0122140226729443	0.968422913320896	0.0134103075086091	0.0181667791704946	0.866212188734882	0.0174099050283937	0.01251168131447	0.103866224922254	0.828627692833562	0.0111858798373838	0.00777646942428524	0.152409957904769
0.886452311765085	0.0740830336645839	0.00868478557965303	0.0307798689906779	0.900187991964995	0.0437015982206589	0.01109561743976	0.0450147923745865	0.749660435511339	0.240087948299758	0.00758487468318169	0.0026667415057208	0.98157312709144	0.00441207187382213	0.0140148010347383	0.966210123136319	0.0122080248312085	0.0215818520324722	0.873712692131105	0.0161135027087307	0.00837436304868506	0.10179944211148	0.830368459345534	0.00794543252958958	0.00599594899533052	0.155690159129546
0.862088209812817	0.0953418931356279	0.0125301590462777	0.0300397380052772	0.909886718862283	0.0375649121886755	0.00199436335172489	0.050554005597317	0.738065696181331	0.247815964009492	0.0110106589044738	0.00310768090470313	0.971323414727972	0.0116980558864829	0.0169785293855446	0.959949312353414	0.0159336988681239	0.0241169887784626	0.863805452455917	0.0118177860308873	0.0148489753699429	0.109527786143252	0.825364091179247	0.0125437879996217	0.0102277493662559	0.151864371454875
0.868331342268183	0.0852396310048103	0.0116432419603132	0.0347857847666935	0.90946874226667	0.0410883154312747	0.00307987262449569	0.0463630696775597	0.727238823692308	0.258392967874997	0.0126905323762405	0.00167767605645519	0.981692352393154	0.00361963346210544	0.0146880141447409	0.964239599214713	0.0174071194086878	0.0183532813765994	0.871402663989563	0.0152578743912768	0.00921596959560056	0.104123492023559	0.83062314901096	0.0135076409969193	0.00710647600130441	0.148762733990816
0.876376364623342	0.0816109616813681	0.00882653941663647	0.0331861342786538	0.892518433830411	0.0470161516226772	0.0105730544945737	0.0498923600523385	0.745767164474503	0.244091995434194	0.00632129498143019	0.00381954510987266	0.97792449022615	0.00523204987065885	0.0168434599031908	0.965659021433844	0.0118230480336766	0.0225179305324792	0.868084482611893	0.0143449568788762	0.0156338760301168	0.101936684479114	0.81855552673639	0.0159999795801307	0.0117824855335931	0.153662008149886
0.885737913106142	0.07037812222638	0.0133604041850198	0.0305235604824582	0.893623245517573	0.0467567430910347	0.00686399634715927	0.0527560150442334	0.699744579457711	0.288907014322328	0.00530387556082355	0.00604453065913792	0.977704158871976	0.00436399669188447	0.0179318444361393	0.966120748793218	0.0111446628229599	0.0227345883838222	0.868625216657157	0.0168862421276865	0.0123382377265311	0.102150303488626	0.824196743346181	0.00974462313544015	0.0122760804226666	0.153782553095712
0.880862049672402	0.0767306841805526	0.00981592738738474	0.0325913387596611	0.899957412208623	0.0416689041307969	0.00697774913961779	0.0513959345209625	0.795388034577206	0.198180987537374	0.00463162409369319	0.0017993537917268	0.975348322808595	0.00446798548957868	0.0201836917018264	0.960205819488728	0.0154091073526772	0.0243850731585949	0.871858377273223	0.0153319122074743	0.0116376707225342	0.101172039796768	0.820354008501368	0.0128915727740036	0.0135303944335815	0.153224024291047
0.86756885877917	0.08402349676826	0.0157450672687948	0.0326625771837757	0.899502617609033	0.052008395210859	0.00619539771006928	0.0422935894700386	0.77645511028548	0.219335964012657	0.00326132765312396	0.000947598048738332	0.980660327268193	0.00617056136316024	0.0131691113686467	0.961240839992516	0.0160380288644734	0.0227211311430108	0.868581154682469	0.0182112065843916	0.00418656909403472	0.109021069639105	0.829760462103776	0.00932935364753533	0.00987190005477757	0.151038284193911
0.861474913889797	0.089560922577666	0.0130669360411538	0.0358972274913831	0.885045167836519	0.058420670642834	0.0045621104003642	0.0519720511202828	0.732943428780082	0.258808721071408	0.00601316892493975	0.00223468122357094	0.982151489869153	0.00593207356889718	0.01191643656195	0.969991662878752	0.0108170692703945	0.0191912678508538	0.860578040407663	0.0164402889436354	0.0170993359709247	0.105882334677777	0.823461369221246	0.0163151264923966	0.0102602400472526	0.149963264239104
0.867560128318583	0.0874167730968125	0.016499750138623	0.0285233484459811	0.901986119987317	0.0390873656516771	0.00872926541626299	0.0501972489447427	0.704579029465046	0.286692614892399	0.00611153010608575	0.0026168255364701	0.975588149352365	0.00308310059279541	0.0213287500548393	0.961654447410142	0.0193557309667008	0.0189898216231568	0.858529269067106	0.0175955291497411	0.0160668275356834	0.10780837424747	0.826092273501492	0.0110081527806683	0.00871096076743593	0.154188612950404
0.869090389575528	0.0886220360454803	0.0146479701213055	0.0276396042576866	0.894366396947604	0.0402303868455348	0.0120154385207117	0.0533877776861496	0.742471322259276	0.245471527372329	0.0103134016466957	0.00174374872169824	0.977137872340026	0.00402718585288645	0.0188349418070878	0.96700999865515	0.0181572728919568	0.0148327284528928	0.869967661827158	0.0149002399867295	0.00980323142649437	0.105328866759619	0.833870394784441	0.00936503613541611	0.00524016992293855	0.151524399157205
0.863248047206238	0.0963474525559004	0.00501849967527	0.0353860005625913	0.903054996231593	0.0419479048307482	0.00614782336332463	0.048849275574334	0.748175018314943	0.241327070931768	0.00601737670273972	0.0044805340505486	0.975428311541848	0.0097321513945525	0.0148395370636	0.970322299375964	0.0137868603048011	0.0158908403192353	0.858915139680532	0.0206570464012509	0.0112927545616175	0.1091350593566	0.823491036751966	0.0103457252966359	0.0131985901831647	0.152964647768233
0.869196690501846	0.083205780366788	0.0161730157608571	0.0314245133705088	0.898725166145863	0.0493095467965378	0.00664835850948016	0.0453169285481186	0.763467393811922	0.233693349755554	0.00153775719574695	0.00130149923677707	0.984749664581215	0.00282554117823028	0.0124247942405547	0.967664085250747	0.0146450771861544	0.017690837563099	0.867277794797413	0.0153488354086392	0.0110073622294549	0.106366007564493	0.828622426929414	0.00966293573158232	0.00650714918834827	0.155207488150655
0.871980756437006	0.0874581008826265	0.00787899559617908	0.032682147084188	0.910203516907275	0.033586573445804	0.00400211371715424	0.0522077959297669	0.74801895122084	0.243851036678037	0.00581336279109029	0.0023166493100326	0.983811927612449	0.00328365322011076	0.0129044191674406	0.965906503141188	0.0193111512077252	0.0147823456510871	0.867165000929538	0.0186101273034975	0.0132659121611361	0.100958959605828	0.833545399295665	0.00891519019458653	0.00827374099069122	0.149265669519057
0.874616233852779	0.078764530732325	0.0137574662959317	0.0328617691189642	0.906275274815241	0.0402944458470307	0.00969610840914067	0.0437341709285878	0.721780544036163	0.272126818883044	0.0057645905304662	0.000328046550327323	0.984992588452688	0.00247027252528401	0.0125371390220277	0.974064649057445	0.0121669197781074	0.0137684311644476	0.867267238498493	0.0160250916478539	0.012848665655988	0.103859004197665	0.826577854449481	0.00401475505636888	0.0141593123425512	0.155248078151599
0.864260165897987	0.100438380391781	0.00548935215716381	0.0298121015530683	0.900805606104435	0.044904435288443	0.00915029367933687	0.0451396649277851	0.785873680488228	0.203878491232045	0.00492048222787459	0.00532734605185302	0.985576291868137	0.00570360110412245	0.00872010702774095	0.967632243896639	0.00815516700529887	0.0242125890980617	0.869595274891115	0.0164700926588616	0.0124628309465428	0.101471801503481	0.832853840755884	0.000889438783803973	0.0112668263983276	0.154989894061985
