0.871910584781913	0.0756222601422294	0.0162300068085105	0.0362371482673475	0.90301795446094	0.0493910622885893	0.00284590094344041	0.0447450823070302	0.723365838901908	0.260645616850372	0.0103172970874234	0.00567124716029716	0.983991562535382	0.0108599652353232	0.00514847222929479	0.97110162927638	0.0136293808616525	0.0152689898619676	0.87092046818522	0.0139376473929983	0.00667037674670455	0.108471507675077	0.822377575543558	0.0164675645597347	0.0103673854259012	0.150787474470807
0.881316458410406	0.0671933821017757	0.0164195225857626	0.0350706369020559	0.896079688704951	0.046531339720537	0.00690102381735325	0.0504879477571582	0.749835497448578	0.241830994159327	0.00697023481143919	0.00136327358065587	0.972671599858983	0.00679345388171383	0.0205349462593031	0.964140842813516	0.0160476338436191	0.0198115233428647	0.865079219083289	0.0133734057696537	0.00842360561354581	0.113123769533511	0.824609050991452	0.014216713463215	0.010503011299043	0.15067122424629
0.864670899752209	0.0800980004201434	0.0159866671234875	0.0392444327041596	0.898337355537049	0.0429216196938553	0.00890973488073481	0.0498312898883614	0.760858159970642	0.23661055244342	0.00212870092781047	0.000402586658127396	0.96829049054202	0.00558077749873217	0.0261287319592481	0.962962186208583	0.01152989407238	0.0255079197190375	0.863768930108474	0.0161580471021539	0.0140268485995127	0.10604617418986	0.827520359347019	0.012261301443342	0.00921316915831762	0.151005170051321
0.864138223617697	0.0777810170941214	0.0183496975217771	0.0397310617664049	0.904667981104199	0.0350816414528819	0.00750208993705297	0.0527482875058663	0.727578628596175	0.26713987059942	0.00286311918809022	0.00241838161631418	0.982664658177352	0.00712976472225368	0.0102055771003938	0.958647886404249	0.0144437403073818	0.026908373288369	0.867828189042083	0.0146897371481865	0.0101070947803931	0.107374979029337	0.82781057351132	0.0058102409819938	0.00966425887816346	0.156714926628522
0.877945661045594	0.0755567721776767	0.0143457001421734	0.0321518666345557	0.903968004844991	0.0453323682803907	0.0062505221297557	0.0444491047448626	0.732833246195331	0.246268001882022	0.0127102845213043	0.00818846740134247	0.986139915078426	0.00504096246220221	0.0088191224593715	0.976633695631774	0.0206768795056055	0.00268942486262076	0.872168611873791	0.0132703474897411	0.00587761183946258	0.108683428797005	0.827141567853957	0.0137368501472637	0.0108983472585496	0.14822323474023
0.862010572744693	0.0888384330477326	0.0165996916796749	0.0325513025278995	0.902369910893385	0.0415279111407584	0.0103794532033903	0.0457227247624659	0.742625552337214	0.244427202245396	0.00747086897802428	0.00547637643936619	0.979045021299479	0.00649473677409089	0.0144602419264296	0.966857320416654	0.0139203876180456	0.0192222919653005	0.878586859835052	0.00894438151974254	0.00380007850626587	0.10866868013894	0.828697411444565	0.013327514350159	0.00515131042961599	0.15282376377566
0.879877055901229	0.0617037297606148	0.0188257502123457	0.0395934641258102	0.894097398410929	0.0493831038868578	0.00827703376131507	0.0482424639408978	0.82706336067393	0.159357185018988	0.0115901299090876	0.00198932439799464	0.965310666943183	0.00994968572520927	0.0247396473316077	0.982027558343246	0.010248566734658	0.00772387492209648	0.867625371141974	0.0152269616783275	0.0122114318903893	0.104936235289309	0.824718449931236	0.012602385594238	0.00831838938236919	0.154360775092157
0.858337217034918	0.087288283709752	0.0186948160578306	0.0356796831974994	0.905193509862807	0.0418588610300586	0.00930932257393937	0.0436383065331946	0.721755676403806	0.268178419643934	0.00928258128800353	0.000783322664256412	0.977128722718769	0.00796498350780221	0.0149062937734288	0.971647222969226	0.0111080936651358	0.0172446833656387	0.866445813020723	0.0136937521641963	0.00786531308013268	0.111995121734948	0.833832921737635	0.00863961578322451	0.00516720505759338	0.152360257421548
0.847263894967267	0.0932808329949463	0.0182090274306712	0.0412462446071153	0.907752377518081	0.0429034830651725	0.00706932823784497	0.0422748111789017	0.770338931905139	0.220014234509005	0.00703474080131159	0.00261209278454415	0.974984045967133	0.00556843679489862	0.0194475172379683	0.958895826507329	0.0214028958055905	0.0197012776870803	0.873966244197869	0.0149707911262678	0.00509052565901463	0.105972439016849	0.823515661720384	0.0094748097125605	0.0127496674961699	0.154259861070886
0.869805711584243	0.0757851638511706	0.0194773834108808	0.034931741153706	0.898145286879712	0.0456535509705153	0.00721081706133331	0.0489903450884394	0.729639300755652	0.259008453715439	0.00814132608444416	0.00321091944446466	0.981702158899167	0.00851526876676544	0.00978257233406721	0.973253980135083	0.0138964321111562	0.0128495877537613	0.872569612382545	0.00891672387870518	0.00629763943286136	0.112216024305889	0.834477255134388	0.00874043559053716	0.00585570362810441	0.150926605646971
0.868912351586642	0.080266977245825	0.011097290980699	0.0397233801868341	0.905709651383594	0.0410182340256103	0.00519953833235799	0.0480725762584374	0.731256826311792	0.255962210117011	0.0123169393351296	0.000464024236066829	0.964048162522324	0.00189041207664031	0.0340614254010353	0.976281044688051	0.0113726302876352	0.0123463250243138	0.872248404904837	0.0083625303923303	0.0120790756061139	0.107309989096718	0.827367788947065	0.00693933397918994	0.0120530767091211	0.153639800364624
0.873765425272142	0.0750268478419384	0.0175397828557568	0.0336679440301632	0.892465681854549	0.0460090415462158	0.0124440293303973	0.0490812472688379	0.757977432701783	0.231037219742257	0.00730967093377458	0.00367567662218578	0.981084314421948	0.00973851832481458	0.00917716725323703	0.959835093244759	0.0185932246182569	0.0215716821369839	0.870231790474516	0.0104854118675106	0.00645982484423999	0.112822972813733	0.829169778232435	0.00648941302559859	0.0125319552888346	0.151808853453132
0.864524400783407	0.0859390085341721	0.0169824594170737	0.0325541312653474	0.902084269891615	0.0439741185349641	0.0105510963729457	0.0433905152004752	0.782110761836033	0.206812878219384	0.0090940353376493	0.00198232460693348	0.987415671964761	0.0110053942262137	0.00157893380902544	0.971855172192134	0.013381902975994	0.0147629248318722	0.870987043847593	0.0115149882720177	0.00875750809024605	0.108740459790144	0.825517556918593	0.0127232490527842	0.00575429808160773	0.156004895947015
0.849956723259249	0.0897647604907561	0.0156505668576207	0.0446279493923739	0.904689160126046	0.0486301821175186	0.00145828291173767	0.0452223748446979	0.760125668007607	0.232059806655132	0.00707996863936488	0.000734556697895863	0.969274920119998	0.00271664523162822	0.0280084346483743	0.952180993335724	0.0217199897442429	0.0260990169200334	0.86892825567905	0.0142564793477138	0.00998072559683074	0.106834539376405	0.825340944473814	0.0105408243739927	0.00915179691928276	0.15496643423291
0.855857447799291	0.0815239087630021	0.0180052911283235	0.0446133523093837	0.899709298839469	0.0427601754772281	0.0076118674476884	0.0499186582356141	0.761769337461907	0.233042585282557	0.00460887536960119	0.000579201885934718	0.986770513593134	0.00507750794723895	0.00815197845962668	0.961541232869637	0.0144745532284681	0.023984213901895	0.867726383285903	0.0122543188848816	0.00688725046605894	0.113132047363157	0.827460012455254	0.00964888337147458	0.00612780863926108	0.156763295534011
0.861250010006585	0.080431297759418	0.0227380224071081	0.0355806698268889	0.905268253715857	0.0430825435671768	0.00269304470942561	0.0489561580075403	0.728491875962611	0.26292323968435	0.00806776560150593	0.000517118751532982	0.978812698738073	0.0087053350742452	0.0124819661876823	0.968605002434557	0.0135546700910006	0.0178403274744426	0.86242962486505	0.0135034896634807	0.00704427018553893	0.11702261528593	0.827203436602651	0.00990906933548394	0.00763130913832552	0.155256184923539
0.854034543901089	0.0936461261553926	0.0170195829476551	0.0352997469958628	0.895607159292684	0.0432505499606439	0.012681559569071	0.0484607311776011	0.75433442666944	0.236659508821441	0.0062827061902601	0.0027233583188583	0.973372057010703	0.00555266145097378	0.0210752815383234	0.965768980292235	0.0170958203169547	0.0171351993908108	0.867681130198859	0.012891230835118	0.00875387661635922	0.110673762349663	0.822384776912266	0.0126125306792811	0.00915540750754455	0.155847284900908
0.85977893866058	0.0905864426927318	0.0159107769584215	0.0337238416882667	0.888801058043953	0.0515055967338837	0.00920249541511414	0.0504908498070495	0.793285395243399	0.193874702489849	0.011349178040391	0.00149072422636049	0.987847646721888	0.00689236210650713	0.00525999117160497	0.972917994668732	0.0128261754750695	0.0142558298561983	0.866992657641039	0.0117842417345325	0.0161416385632431	0.105081462061185	0.815753102725804	0.0168657657276808	0.01317599278218	0.154205138764335
0.864347342278273	0.0800555392420885	0.0187025362478355	0.0368945822318032	0.904735153995602	0.0419460756449893	0.00417293795532057	0.0491458324040881	0.715735285042186	0.274824262324776	0.00601733027062385	0.00342312236241388	0.959420359847234	0.0103235234603146	0.0302561166924515	0.969969350955448	0.013503236528606	0.0165274125159459	0.870990385973868	0.0130562933219149	0.0092759260796395	0.106677394624577	0.828383341206033	0.00997940168315962	0.00883119201277834	0.15280606509803
0.874032316288413	0.0697552729243665	0.0209067099983559	0.0353057007888643	0.906563008339757	0.0369878396306811	0.00832409822787594	0.0481250538016858	0.779541381299604	0.210085387648503	0.00789981140261425	0.00247341964927868	0.984712458578483	0.00922693371062089	0.00606060771089618	0.963546932445563	0.0125558061035261	0.0238972614509107	0.868207511464013	0.0138328285251856	0.00697663765736466	0.110983022353437	0.820330988270986	0.0161929956591695	0.0118261061553788	0.151649909914466
0.879095571779932	0.0687672942851198	0.013212655697779	0.0389244782371688	0.910510598415967	0.0426135886439359	0.00416009966419533	0.0427157132759019	0.706793452583711	0.284791239501867	0.00668170808221028	0.00173359983221181	0.976301272471524	0.00996076282938681	0.0137379646990893	0.960878803751966	0.012987934477928	0.0261332617701057	0.865638398170688	0.0151267892883854	0.00910612680615885	0.110128685734767	0.819870372022833	0.0120836903232251	0.0104970286995408	0.157548908954402
0.862019127947275	0.0861564216121467	0.0183459409115055	0.0334785095290732	0.902622971334346	0.0407683388231478	0.00816206653358412	0.048446623308922	0.776366727390364	0.217688218713828	0.00490746298277732	0.00103759091302982	0.959357277959582	0.0117526872820458	0.0288900347583727	0.971813816225934	0.011266204145177	0.0169199796288891	0.86662584313359	0.0133903615093395	0.0155560274048926	0.104427767952178	0.818497098568895	0.0191821151977883	0.00927210273624538	0.153048683497072
0.842344374542607	0.104796291108962	0.0154436292862885	0.0374157050621422	0.905283457495078	0.0488991157925823	0.00215205804021586	0.043665368672124	0.768712064240818	0.223847344362022	0.00711205989370778	0.000328531503452642	0.985759364307506	0.00433840953129438	0.00990222616119922	0.964008719397035	0.0166471809923833	0.019344099610582	0.865224914830471	0.0208543306481183	0.00544747948568199	0.108473275035728	0.825764877063555	0.00632250057729165	0.0103773832095581	0.157535239149595
0.869000952978564	0.0799749409912863	0.0139859892424201	0.0370381167877293	0.900785239606553	0.0402964143563874	0.00972540344100401	0.0491929425960561	0.748537116938285	0.240469504233192	0.00420898847625686	0.00678439035226649	0.984106051713613	0.0117385915029565	0.00415535678343048	0.958330695928358	0.014055031848123	0.0276142722235194	0.866540533171449	0.0108072876443348	0.0106588660534965	0.11199331313072	0.832413240693587	0.00915401771750732	0.00393390626191329	0.154498835326992
0.858745980272339	0.088283317750967	0.0166606118392686	0.0363100901374259	0.905599919936436	0.0384594832512864	0.008273514176547	0.0476670826357307	0.751124696027226	0.234414304971287	0.0102413911598958	0.0042196078415914	0.978358529072979	0.00941519865454499	0.0122262722724755	0.967236746932007	0.0118579532400464	0.0209052998279466	0.869989569915443	0.00943158378326287	0.0090094455052076	0.111569400796087	0.820080509789466	0.00951081677623151	0.0155489853569028	0.154859688077399
0.859901385132406	0.0891330999470127	0.0145428553192934	0.036422659601288	0.910040136104378	0.0298217707094888	0.00773296313345475	0.0524051300526787	0.723723224267104	0.268510449660355	0.0038202266386124	0.00394609943392861	0.989857758869423	0.00185854773652592	0.00828369339405074	0.963952954587927	0.0185594415442652	0.0174876038678081	0.861844473212539	0.0149836574485399	0.0156882996783989	0.107483569660522	0.824965921342339	0.0132291373853715	0.00846615585276381	0.153338785419526
0.861961670991174	0.0909405963268085	0.0123352809038753	0.0347624517781418	0.909792465246832	0.0323936182586435	0.00911677400496857	0.0486971424895563	0.77276094398927	0.216147846155849	0.00970143023690201	0.00138977961797934	0.980454936338734	0.0043231097830288	0.0152219538782375	0.962529695084295	0.0149528174862905	0.0225174874294149	0.869429759993844	0.0136657076462606	0.0102630978713548	0.106641434488541	0.821726097094596	0.0118720099599591	0.0113661826897004	0.155035710255745
0.883067378782803	0.0692823290896477	0.0160983940804484	0.0315518980471005	0.9048496065074	0.0410787573473827	0.00654873077529501	0.0475229053699218	0.790630399892249	0.199755561480734	0.00892708769710918	0.000686950929908602	0.985134051958574	0.00911277441031545	0.00575317363111088	0.967565630162857	0.011825436514946	0.0206089333221971	0.864444753584136	0.011266086390251	0.0153367307063285	0.108952429319284	0.824727197064423	0.0096698827528952	0.00853756036720989	0.157065359815471
0.860135587710288	0.0827105853502016	0.0198470706999909	0.0373067562395197	0.909210877964719	0.0386068777230285	0.00556615469726969	0.0466160896149831	0.753260086681478	0.233423058063434	0.00746253674410703	0.0058543185109807	0.97798055429153	0.00765810299122381	0.0143613427172458	0.963216767894275	0.00684790941879603	0.0299353226869287	0.87229261508811	0.015307476285953	0.00871471735803764	0.1036851912679	0.825733116872861	0.0136355839272169	0.00948047433317496	0.151150824866747
0.873517721123904	0.072338189792417	0.0182195973930427	0.0359244916906359	0.897446466835802	0.0448128074738552	0.00526433777684131	0.0524763879135012	0.810053438029559	0.182937334319812	0.00433729381758232	0.0026719338330458	0.982654624635254	0.00957709686154684	0.00776827850319957	0.967130883684441	0.0147481706957699	0.0181209456197892	0.873535869686104	0.0106031564007617	0.0101283635671821	0.105732610345952	0.83115240483346	0.00898460400910024	0.0102046752388622	0.149658315918578
0.868141766496069	0.0762503033148068	0.0178138453601285	0.0377940848289957	0.91380670536548	0.0382905019679766	0.00561537555652579	0.0422874171100173	0.787607088910684	0.201173129518927	0.00865285909268823	0.00256692247770136	0.974405706840087	0.00504597814160566	0.0205483150183072	0.960857093364056	0.0145290940975087	0.024613812538435	0.869857708126654	0.0128980638975951	0.00575303261086412	0.111491195364887	0.823044525595724	0.00771437710361213	0.0088530585093553	0.160388038791308
0.856306275223498	0.0840636001845545	0.0193742994362752	0.0402558251556719	0.90291231133885	0.0462936585348289	0.00566414572345441	0.0451298844028671	0.798896182185853	0.190472963744392	0.0088980486030034	0.0017328054667517	0.981102212988044	0.0102476145820462	0.00865017242991028	0.96730037701865	0.0100690574284013	0.0226305655529489	0.862846880068915	0.0125771439083978	0.0160897661111739	0.108486209911513	0.828477479635132	0.0125769030636911	0.00674379301333837	0.152201824287839
0.860985465590752	0.0887113577836544	0.012572782400873	0.0377303942247209	0.912145153361033	0.0386956960499505	0.00215482483433648	0.04700432575468	0.73534355376891	0.258144187947251	0.00315391266215672	0.00335834562168202	0.966929906567234	0.00291469532036021	0.0301553981124062	0.969950458421715	0.00831852132973615	0.0217310202485491	0.87280463044108	0.0125843632302626	0.00780768357963019	0.106803322749027	0.82654742745254	0.0063164852942329	0.0121417602447572	0.15499432700847
0.868004771688634	0.0798915479998293	0.0146783075920665	0.0374253727194701	0.899331679082589	0.0429960978467946	0.00984829939513452	0.0478239236754817	0.785158177407644	0.205894703391713	0.0057231862089155	0.00322393299172705	0.973025703144903	0.00746890835618323	0.0195053884989135	0.978561585588727	0.00902053048103182	0.0124178839302415	0.865805541687118	0.0167891290890413	0.009294680313175	0.108110648910666	0.829282402694527	0.0101338462031477	0.00919120064293995	0.151392550459385
0.871774208191547	0.0672945119050515	0.0187756021710597	0.0421556777323418	0.912830629156255	0.0372352637449997	0.00388287815148015	0.0460512289472652	0.740516609404487	0.249934088421317	0.00726755805060797	0.00228174412358785	0.970285791650996	0.0119594249783736	0.0177547833706305	0.962157175963448	0.00861138128058049	0.0292314427559712	0.871942278309595	0.0141994653148734	0.0113098602268616	0.10254839614867	0.822174143756565	0.0119300417199169	0.0178569417827004	0.148038872740818
0.83833647950996	0.104858260171693	0.019080192746404	0.0377250675719427	0.902227986853867	0.0365231988751766	0.0105454708289739	0.050703343441983	0.720310064775321	0.272366815404295	0.00342307988791211	0.00390003993247199	0.986503201866525	0.00178976486399984	0.0117070332694749	0.962826968517488	0.0151039705874725	0.0220690608950396	0.873709877898832	0.0113956756906932	0.00712910446162717	0.107765341948848	0.832518310875169	0.00942229672464699	0.00497707563228131	0.153082316767903
0.875134825726302	0.0709410517036317	0.018682783492406	0.0352413390776606	0.909381957345357	0.0378129477062832	0.00618153928952394	0.046623555658836	0.755836804020643	0.232854888232551	0.0112730122926147	3.52954541913633e-05	0.970981437307019	0.0119021795898581	0.0171163831031232	0.966930036516978	0.0143824265986111	0.0186875368844113	0.86184043325174	0.0141354824321097	0.0109301949781038	0.113093889338047	0.825826755459165	0.0129691772634281	0.00673588830588631	0.15446817897152
0.850666544306727	0.0879877607159399	0.023540559798088	0.0378051351792451	0.908117766268136	0.0438649497840132	0.00126351419369316	0.0467537697541581	0.712699502245644	0.278966058036863	0.00557222535960125	0.00276221435789197	0.984048754771681	0.00470942755331295	0.0112418176750058	0.966625870775901	0.0108075570140249	0.0225665722100738	0.876753413304213	0.0127272601833515	0.00178366878903635	0.108735657723399	0.821819833111105	0.0112012548577147	0.00698814560953598	0.159990766421645
0.854095909253486	0.0830385604707018	0.0181363949311329	0.0447291353446797	0.909605696154972	0.0441089840391872	0.00436177713606912	0.0419235426697712	0.772510434958519	0.220333788219188	0.00683542117070524	0.000320355651587267	0.978333094870947	0.00688763963836986	0.0147792654906831	0.962971360866219	0.0171765439730762	0.0198520951607042	0.866637704631429	0.0139398282854899	0.0096789502461753	0.109743516836906	0.824486277860101	0.0136064449553729	0.00607339991774108	0.155833877266785
0.85699327643041	0.0894633750939857	0.0179715906929549	0.0355717577826493	0.907238731229607	0.0405166307679206	0.00678330053022051	0.045461337472252	0.732487636877095	0.253334149595841	0.0121760005278255	0.00200221299923793	0.95860339508608	0.00620425618436944	0.0351923487295507	0.964255024496221	0.0169428883692104	0.0188020871345686	0.868919226754187	0.0137912693761918	0.00968858229469594	0.107600921574925	0.8289326401857	0.00825294223973156	0.00674285377842118	0.156071563796147
0.85933862250461	0.0929627699596947	0.0113117502184063	0.0363868573172886	0.90462461426921	0.0443841451130189	0.00412323696988334	0.046868003647888	0.775680596338971	0.215226910715853	0.00384656537350225	0.00524592757167419	0.994059360189263	0.00435292526034057	0.00158771455039594	0.963272556085102	0.0165324356896398	0.0201950082252577	0.868117961710931	0.0147038724253145	0.00622812987174875	0.110950035992006	0.825868551057945	0.01407264714214	0.0119621776195229	0.148096624180392
0.869179644740527	0.0791714420055287	0.011761465722751	0.0398874475311928	0.906010315757078	0.0436276217563674	0.00460932976756083	0.0457527327189932	0.768619104156686	0.222390180821196	0.00527203256311564	0.00371868245900246	0.985950186681039	0.000885929595300402	0.0131638837236609	0.96051084323926	0.0176570148555891	0.0218321419051509	0.867841805526189	0.0160387909995091	0.0100138477440542	0.106105555730248	0.823969793962343	0.00917209761153454	0.0139913174007879	0.152866791025334
0.850662210579789	0.0989243796687926	0.0141053937308678	0.0363080160205505	0.908748643540929	0.0444847056646046	0.00147562364772422	0.0452910271467425	0.744089846500721	0.248736477649601	0.00708499253602417	8.86833136540349e-05	0.989432395883069	0.00327095779504323	0.00729664632188812	0.965461932806743	0.0152524586128106	0.0192856085804462	0.870857370810127	0.0176882121125236	0.00486955683250252	0.106584860244847	0.826869742535943	0.0120787428303455	0.0059887524049015	0.15506276222881
0.852893118554764	0.0924123914193461	0.0197079818034087	0.0349865082224807	0.894878569867261	0.0520449606408797	0.00563938746448541	0.0474370820273734	0.729541712468032	0.255042891311374	0.0107276774682761	0.0046877187523178	0.956470543199598	0.0124903067430152	0.0310391500573861	0.966866682037417	0.0181400811939287	0.0149932367686546	0.882291333827411	0.0086581156200204	0.000127397043716044	0.108923153508852	0.83069182619123	0.0108242099158027	0.00751383120159893	0.150970132691368
0.853441554600705	0.0955917616173934	0.0125605538178902	0.0384061299640112	0.892582401588086	0.0526423727711365	0.00396891145922089	0.0508063141815567	0.748815354596022	0.244692147430949	0.00649003411228666	2.46386074275827e-06	0.981513058935896	0.00483417667051558	0.0136527643935886	0.959749991044636	0.015981878915605	0.0242681300397588	0.867221861154358	0.0125763946933065	0.0101705246430683	0.110031219509268	0.825197627995075	0.0133808815720639	0.0120002485858521	0.149421241847009
0.866969509034304	0.0809484337182272	0.01643256626921	0.0356494909782588	0.908868973660472	0.0436142958282988	0.000592209480024407	0.0469245210312047	0.731182373833231	0.263802791700211	0.00498408393764406	3.07505289138413e-05	0.994830132481027	0.00230329864095449	0.00286656887801826	0.962276004592433	0.0153217676228832	0.0224022277846841	0.872529726715832	0.0180385134067022	0.00233255224482011	0.107099207632645	0.818457070362506	0.0141340985675681	0.0120284533188108	0.155380377751115
0.870944019019531	0.0780968760749558	0.0146165958722626	0.0363425090332511	0.905765401603038	0.0428949660193997	0.00369401080693806	0.0476456215706245	0.791611649539983	0.198133744541176	0.00489597327693848	0.00535863264190238	0.984913225526173	0.00904896202107436	0.0060378124527527	0.957899639041461	0.0176139967570164	0.0244863642015227	0.868555297441527	0.0144088116412767	0.00773222865144166	0.109303662265755	0.825419577396758	0.00785014830188961	0.00926986630677598	0.157460407994576
0.868648119475807	0.0815939278048424	0.0136652372932402	0.0360927154261104	0.900988965053627	0.0412361767922452	0.0100134035023725	0.0477614546517558	0.769495567705152	0.217389491229123	0.0100527342959308	0.00306220676979442	0.975029942466793	0.0131385728395094	0.0118314846936976	0.973650599528656	0.0113044947993151	0.0150449056720293	0.864147453828329	0.0142563021110181	0.0151634018196029	0.10643284224105	0.827692850127031	0.0127813404747694	0.00564462553563703	0.153881183862563
0.86996497254515	0.0715555967812335	0.0166671760026234	0.0418122546709929	0.910328133915898	0.0387643463209925	0.00699633951600127	0.0439111802471086	0.744332841751721	0.249354517369108	0.00480780035673558	0.00150484052243562	0.965053629889697	0.00187486194807429	0.0330715081622292	0.966476907649448	0.0126022326234579	0.0209208597270939	0.877336066636664	0.0127600477410439	0.000964819307696208	0.108939066314596	0.821338710880013	0.012694103396287	0.0142801573905629	0.151687028333137
0.849175647777091	0.0901960034607452	0.0224693277835938	0.0381590209785704	0.91055988225423	0.0412961713016019	0.00342774110224212	0.0447162053419257	0.730933288207503	0.256006084316958	0.00771037973317163	0.00535024774236778	0.957378049183531	0.00652659007231025	0.0360953607441591	0.968723263018721	0.0120171682134467	0.0192595687678318	0.87386331331517	0.0100698753471197	0.00743325084644898	0.108633560491261	0.828391596027841	0.00843700639331495	0.00810556790068719	0.155065829678157
0.851757016249156	0.0969848511339805	0.0161195856425892	0.0351385469742747	0.88992789068879	0.0531052795813011	0.00957956529112651	0.0473872644387818	0.741836769852608	0.250819867855982	0.00697337751168607	0.000369984779723649	0.981591007538147	0.00632462126427985	0.0120843711975733	0.957473924860477	0.0198701559065711	0.0226559192329523	0.865711340716754	0.0134083606992316	0.0126911016502296	0.108189196933784	0.83225326654901	0.00896351259367996	0.0042129569853757	0.154570263871934
0.85376637505217	0.0947364475935944	0.0173255717081939	0.0341716056460419	0.907233150907813	0.0441622017825756	0.00359831125514032	0.0450063360544711	0.737322936320451	0.249979566099709	0.0096110712268541	0.00308642635298634	0.977178332371102	0.00750545867422974	0.0153162089546687	0.965514516974773	0.0201363161322406	0.0143491668929862	0.859144350072524	0.0169319264984149	0.011274267515408	0.112649455913653	0.823797956574736	0.00913259817253558	0.00918913924486549	0.157880306007863
0.869787032794874	0.0799316349157165	0.0123004009797108	0.037980931309699	0.893469930654826	0.0475332901447936	0.0107639965847705	0.0482327826156101	0.752326344769359	0.238519773550387	0.0081970326670656	0.000956849013189264	0.976739074591567	0.00429072763394369	0.0189701977744892	0.966621904135292	0.0109887987942715	0.0223892970704361	0.873189091938588	0.0128211606533586	0.00776965198567257	0.10622009542238	0.829968266993247	0.00941576539431646	0.0104881766009843	0.150127791011452
0.848718790154623	0.0991254883051822	0.0156065915653997	0.0365491299747953	0.900089627972546	0.0397123728860896	0.0111918555168732	0.0490061436244908	0.724459705996607	0.264981274780498	0.0105211671778537	3.78520450413223e-05	0.966476299328663	0.00840802947993536	0.025115671191402	0.96748704494793	0.0164796773828984	0.0160332776691714	0.877886470034693	0.00701637704188087	0.00512050208171748	0.109976650841709	0.8171616649654	0.0116892125139932	0.0129531003122854	0.158196022208321
0.847279780328181	0.0963929734755838	0.0187501101951302	0.0375771360011047	0.89425340665256	0.0481212475499814	0.00962315178716383	0.0480021940102951	0.752337027765692	0.240227165759617	0.00743167860928098	4.12786541017507e-06	0.968144183559227	0.00620080744979337	0.0256550089909796	0.961894831604172	0.012057380592685	0.0260477878031425	0.860847534597871	0.0125134796769822	0.013327709767109	0.113311275958038	0.828528057625114	0.00811739833278322	0.00603561598849025	0.157318928053613
0.842330958125344	0.102689438769743	0.0198258287005311	0.0351537744043823	0.899338306562761	0.0431668054782178	0.00622135728600549	0.0512735306730155	0.761452896670223	0.22717035304386	0.00925338636323971	0.00212336392267788	0.968466586907503	0.00707047279169949	0.024462940300798	0.963101567449768	0.0200377160652636	0.0168607164849682	0.863504071934354	0.0133062710198753	0.0132068348600193	0.109982822185751	0.823058176520723	0.0103254190808878	0.0106336888955562	0.155982715502833
0.884539070127045	0.0612333289953839	0.0132920734232703	0.0409355274543008	0.92094322265384	0.0308811380958265	0.00428465128358968	0.0438909879667444	0.775375661760055	0.212423023758357	0.00999083607226941	0.0022104784093184	0.9919609248063	0.00764745058724747	0.000391624606452214	0.96758943391857	0.0107057021678391	0.0217048639135908	0.867077578901679	0.0148715303372691	0.00456553300852951	0.113485357752522	0.823887923898969	0.0135340251011171	0.0097697429458293	0.152808308054084
0.849038231616805	0.101449733054422	0.0123011191181642	0.0372109162106086	0.902523166856499	0.0458205255501724	0.00764973565338332	0.044006571939945	0.765722770243807	0.228419880023262	0.0057864211926667	7.09285402640504e-05	0.986177812366554	0.00590426824747372	0.00791791938597261	0.965322647032374	0.0161508783633305	0.0185264746042957	0.869473408584368	0.00982204371248229	0.0103146635493877	0.110389884153762	0.819596976178672	0.0159334493130691	0.00927638818149842	0.15519318632676
0.836191764643853	0.112754495824178	0.0163802952674548	0.0346734442645144	0.910090330014991	0.0349429118382122	0.0059085016401383	0.0490582565066589	0.786376508515807	0.200771923734542	0.0128133760661952	3.81916834562421e-05	0.974025917655395	0.0118526684107279	0.0141214139338769	0.968711663607381	0.0146714676594188	0.0166168687332006	0.868686962273064	0.0126452164653688	0.0117658994911688	0.106901921770399	0.8183727183448	0.0151830157863805	0.0106788263091608	0.155765439559659
0.863236971116703	0.0856547191850058	0.0149477021422095	0.0361606075560817	0.904186411954511	0.0452091428179147	0.00388948355978163	0.0467149616677927	0.75407941201415	0.23285718730879	0.0098015311802624	0.00326186949679756	0.979732170030605	0.0134552385656535	0.006812591403741	0.972811012852957	0.014121314989186	0.0130676721578573	0.864499237087979	0.0161995049734498	0.00734780459341543	0.111953453345156	0.828527413785845	0.00794092763933771	0.0118840278330203	0.151647630741797
0.865544039214601	0.082399643520689	0.0146949298881985	0.0373613873765115	0.916415275387722	0.035710951637269	0.00185485456641996	0.0460189184085886	0.727973854545789	0.25903873049673	0.00907774611586021	0.00390966884162101	0.99181184825748	0.00501858115996092	0.00316957058255935	0.953231106111338	0.0204305209675196	0.0263383729211421	0.861730574012267	0.0208740356311628	0.0100144090364594	0.107380981320111	0.823496898808621	0.0124562962526698	0.0108141835197964	0.153232621418913
0.86117847691351	0.08953543296642	0.0158627362953872	0.0334233538246832	0.896857221547266	0.0484572640696774	0.0119699057978112	0.0427156085852449	0.739596977192927	0.250688558703022	0.00864339298120145	0.00107107112284895	0.962430057752935	0.00317013416451214	0.0343998080825527	0.961009231368702	0.0173135572516383	0.0216772113796597	0.865087681839387	0.0130203491960918	0.0123633231436812	0.10952864582084	0.824318276575164	0.00612345922767078	0.0105809921807287	0.158977272016436
0.870544481114403	0.0753431867621121	0.0187591075770509	0.035353224546434	0.905953212349468	0.040600750598084	0.00625630288704908	0.0471897341653985	0.716616413700395	0.26921105422137	0.00816557167986278	0.00600696039837143	0.98299468827261	0.00175233229618305	0.0152529794312068	0.961216343055494	0.0167352624564455	0.0220483944880607	0.866699391919433	0.0147908830285613	0.0096776737226583	0.108832051329347	0.831718677207107	0.00736106450573166	0.00788356247741727	0.153036695809744
0.858676694081593	0.0921819259966307	0.0147874788207892	0.0343539011009871	0.890526089544365	0.0539356793044799	0.00323836522318637	0.0522998659279688	0.751204049151115	0.2401879194968	0.00524423749585493	0.00336379385622979	0.960972650009938	0.00928316733311337	0.0297441826569485	0.963509982014872	0.0156068899503507	0.0208831280347771	0.876858314608004	0.0117625029529671	0.00228777808887731	0.109091404350151	0.824362256417932	0.0106067289148514	0.00965931973456092	0.155371694932656
0.884693677406318	0.0632148851861932	0.0133814551976389	0.0387099822098499	0.900266724095551	0.0393304894393588	0.0063740272811621	0.0540287591839283	0.733958069311553	0.263667327090131	0.00173798216504772	0.000636621433268289	0.974213128921857	0.0079876334768973	0.0177992376012461	0.971994182566275	0.0116927299324943	0.0163130875012306	0.869264616609722	0.0151505631302552	0.00540510780836651	0.110179712451656	0.837200229721269	0.00608624961047787	0.00472898490388138	0.151984535764372
0.863458048128834	0.079557456494559	0.0150611235565714	0.0419233718200358	0.898476716051654	0.0456984720326602	0.00686838362272943	0.0489564282929568	0.783223176097777	0.205546606242817	0.00772897763062858	0.00350124002877793	0.973697790091799	0.00911720948966096	0.0171850004185403	0.969083554348347	0.0135763340526933	0.01734011159896	0.857511197415063	0.0117435178181061	0.0178030259750965	0.112942258791735	0.820883277565065	0.00774112665174826	0.0120695343461468	0.15930606143704
0.871811830074448	0.0720394418285585	0.0177451236918549	0.0384036044051384	0.908029042894727	0.0347884407438703	0.00593188848699912	0.0512506278744036	0.747334594455236	0.23966385972695	0.0117905304413844	0.00121101537642944	0.964376594493209	0.0062081651749879	0.0294152403318032	0.959670592736462	0.0148102029502744	0.0255192043132639	0.870390966384533	0.0112650704873824	0.0101170648723068	0.108226898255778	0.829833803601995	0.0127056593299229	0.00442540637560356	0.153035130692479
0.876811333718489	0.0709148401199932	0.0154962735917386	0.0367775525697787	0.894302097838223	0.0491656710627188	0.007453664901724	0.0490785661973339	0.765663242689259	0.228066551344337	0.00246515454075063	0.00380505142565332	0.979768444844272	0.00333194767379598	0.0168996074819318	0.952951237818333	0.0207500955604597	0.0262986666212072	0.869005702009817	0.00930436644495378	0.0121905252325997	0.10949940631263	0.830941628327255	0.00488859015203405	0.0106651974963244	0.153504584024387
0.858598621986979	0.0937468951241109	0.0135549413529837	0.0340995415359261	0.898197772967689	0.0429258825728511	0.00931544204276663	0.0495609024166928	0.710595599433147	0.268523326634323	0.0169222679220779	0.00395880601045169	0.983149404803128	0.0077522797113429	0.00909831548552886	0.960521536838238	0.016368881721656	0.0231095814401055	0.871257654435386	0.013894331404969	0.00539526766375022	0.109452746495895	0.817997853620695	0.0164083946351042	0.0104675631004757	0.155126188643725
0.868656596655369	0.0731769069957343	0.0194703883802649	0.0386961079686317	0.900471711815842	0.0432323830334912	0.0101460932992766	0.0461498118513899	0.786511924394003	0.203287857875308	0.00619078912582092	0.00400942860486817	0.973364240283539	0.0029185707034643	0.0237171890129967	0.964311724290366	0.0193914385347474	0.0162968371748867	0.867627475247903	0.00892240268048047	0.0124163499843216	0.111033772087295	0.829731903267048	0.00794955330913012	0.0128598996213601	0.149458643802462
0.875499743864152	0.0769793676796961	0.0153357662839694	0.0321851221721828	0.89614882415998	0.0481633862490053	0.0079639345629326	0.0477238550280818	0.771207033413516	0.215849395914149	0.00972438147047918	0.00321918920185635	0.975553711928401	0.012620843532504	0.0118254445390947	0.967547967355249	0.013812859383654	0.0186391732610966	0.861825132084363	0.013579147343737	0.0135134014463334	0.111082319125567	0.829591057885842	0.00946772598488842	0.0062717414680221	0.154669474661248
0.845017824185571	0.0911702684715418	0.0255712841117668	0.0382406232311205	0.903541047413811	0.0416821142386979	0.00997996204683308	0.0447968763006582	0.753238908285027	0.237348257802618	0.00825785710622047	0.0011549768061338	0.989423021166114	0.0102302416112774	0.000346737222608376	0.968994749178528	0.0146850184694656	0.0163202323520067	0.869026209703171	0.0133399090921977	0.00429494065879737	0.113338940545834	0.821271647229886	0.0108873906404408	0.00985861621566236	0.157982345914011
0.864767130068794	0.0869600792988996	0.0111364907029786	0.0371362999293276	0.900019742037261	0.0485185295703333	0.00425303057769237	0.0472086978147139	0.799451444846036	0.192969053685131	0.00564353530721641	0.00193596616161652	0.966688391297309	0.00339730734424005	0.0299143013584515	0.96806511263649	0.0135551731019951	0.0183797142615152	0.866678844673017	0.0143375123069247	0.0116764598470285	0.10730718317303	0.822020655153762	0.0152495213866112	0.00436419974180961	0.158365623717817
0.859645623120365	0.0929095024207367	0.0175886497902367	0.0298562246686613	0.908029728964931	0.0350501180805652	0.00539726618916944	0.051522886765334	0.72600118339517	0.267708586311679	0.00555615262516592	0.000734077667984283	0.982220404675547	0.00632290324405396	0.011456692080399	0.964777592655724	0.0142153261874913	0.0210070811567843	0.87378290677242	0.00986924436352541	0.0123305047888219	0.104017344075233	0.823311136842059	0.00886957126501555	0.0133831976112757	0.15443609428165
0.848903933388884	0.0979065782543245	0.0168413504938122	0.0363481378629793	0.900707959810071	0.0466623285244238	0.00466372236434311	0.0479659893011616	0.747587995798172	0.242369790337545	0.00728786221728024	0.00275435164700204	0.977510576011094	0.0108134207483179	0.011676003240588	0.967718164442418	0.0121064877019854	0.0201753478555962	0.873481449668207	0.00841905789763173	0.0109674531362693	0.107132039297892	0.82596836992092	0.0070075125395213	0.0100000735058894	0.15702404403367
0.875694306708273	0.0708061582558162	0.0150943742849326	0.0384051607509782	0.903210320024177	0.0468224874218763	0.0061714918317066	0.0437957007222397	0.736494540116086	0.259926938722419	0.00192495168880744	0.00165356947268828	0.975602645048848	0.0123664915297964	0.0120308634213559	0.96539198735692	0.0182380598003313	0.0163699528427492	0.862924483690218	0.0122312589570305	0.0140391856700901	0.110805071682662	0.818413839556992	0.0137387468125711	0.0105222560055982	0.157325157624839
0.865568199548602	0.0813291306455416	0.0204803653789931	0.0326223044268637	0.898217142063136	0.0473805323641866	0.00302533809544522	0.0513769874772327	0.742427440224631	0.245221317496708	0.0063336133891006	0.00601762888955981	0.97685277446238	0.00969509071429995	0.0134521348233201	0.970193165768158	0.0107276981762896	0.0190791360555524	0.861441049118331	0.0140752827468228	0.0135788423971514	0.110904825737695	0.827099620254813	0.0117397853029194	0.0107978364858154	0.150362757956452
0.860914248187085	0.0835200735876441	0.0146508167144604	0.0409148615108105	0.901589841223047	0.0428353632736901	0.0111661135843595	0.0444086819189038	0.756475759833574	0.241151792122012	0.00152714486415165	0.000845303180261897	0.981752505032437	0.00343417118366052	0.014813323783902	0.959121105167049	0.0147092881885614	0.0261696066443902	0.86249185725064	0.0179053760700616	0.00870628744789914	0.110896479231399	0.829541454381798	0.0104001567873311	0.0100990418034254	0.149959347027445
0.856686844192232	0.0966398191025108	0.00983359635781915	0.0368397403474386	0.894219709006229	0.0505892507839115	0.0092268674241779	0.045964172785681	0.791040640728576	0.197799274963306	0.00823755777473163	0.00292252653338618	0.981120175197201	0.0072269626647037	0.0116528621380956	0.964544401414524	0.0166327368180122	0.0188228617674639	0.879031448204032	0.0102726629480004	0.00559742995244241	0.105098458895526	0.826352977049629	0.00767937769784515	0.00827288098103271	0.157694764271493
0.872563324378545	0.077113649777394	0.014923935887246	0.0353990899568145	0.89803573423005	0.0496938565113793	0.00736398172071658	0.044906427537854	0.739179113745941	0.25257707176737	0.00767705369211115	0.000566760794577416	0.974063147296722	0.00715239422589725	0.0187844584773805	0.962920933091771	0.0196818119499099	0.0173972549583193	0.865485170903721	0.00991945053620727	0.0141216983841351	0.110473680175937	0.829467118557356	0.0103069027796415	0.00747393391628519	0.152752044746717
0.867175212206618	0.0751442175236647	0.0161279831172425	0.0415525871524744	0.913456771918649	0.042110367589402	0.00054770985440093	0.0438851506375477	0.765562376921739	0.223587696107962	0.0100665072153576	0.000783419754940941	0.972821824538067	0.00885628580636444	0.0183218896555683	0.969688336756844	0.0181095166040171	0.0122021466391387	0.87099042436588	0.0069137267979933	0.00889513635130377	0.113200712484823	0.825978712458355	0.0105003998660613	0.00527410406111176	0.158246783614472
0.863210635112782	0.0822475737201469	0.0168210610204914	0.0377207301465795	0.9028339934014	0.0438253855130282	0.00900213885394673	0.0443384822316253	0.755696263085877	0.238305910270599	0.00376022654675115	0.00223760009677224	0.983575169826718	0.0068601481740899	0.00956468199919203	0.959416595412901	0.0146913641794845	0.0258920404076147	0.865957697744243	0.0124526799057147	0.0120592352814688	0.109530387068573	0.824250640463713	0.0135701707137098	0.0128638932460779	0.149315295576499
0.869223846015177	0.0715705628180447	0.023543174338144	0.0356624168286344	0.897378208859494	0.0438721012300381	0.0139637904793511	0.0447858994311165	0.751337223137348	0.246691059816199	0.00195981402944909	1.1903017003697e-05	0.958457209965115	0.00651901423084698	0.0350237758040376	0.963553058673252	0.0146639654856847	0.0217829758410633	0.867060769536286	0.010114629333671	0.0117793508119233	0.111045250318119	0.822254542010492	0.0105832229167388	0.00700180320055829	0.160160431872211
0.8670118820668	0.0803715625360147	0.014476523238566	0.0381400321586189	0.907029243206801	0.0404708969195895	0.00355418655193275	0.0489456733216765	0.792594663569245	0.198127804338291	0.00224288793987661	0.00703464415258747	0.992095178798568	0.00782094187831081	8.38793231212092e-05	0.957398951904383	0.0119597075238529	0.0306413405717643	0.867786795782753	0.00925318178909153	0.0106994611432051	0.11226056128495	0.819683197706425	0.0148806123459821	0.00943200828537095	0.156004181662222
0.861140694626871	0.0831487073205812	0.0221202640938574	0.0335903339586903	0.901183049203817	0.0444748441455459	0.00483691689022274	0.0495051897604145	0.759952644480248	0.222189155877564	0.0143765043232032	0.00348169531898497	0.973574110632846	0.00895950006702384	0.01746638930013	0.959825951815018	0.0174258143320024	0.0227482338529797	0.868426473858007	0.0086932344579459	0.00634962287602951	0.116530668808018	0.819843341266417	0.015677483288006	0.00540242961498907	0.159076745830588
0.859078922509884	0.0908955483841125	0.0153306374949782	0.0346948916110255	0.906992660882119	0.0406545784847467	0.00502025696612658	0.0473325036670076	0.800548290966711	0.187247538154892	0.00273246894893305	0.009471701929464	0.979080035441221	0.0101781783035479	0.0107417862552308	0.959966966657384	0.0150635434608819	0.0249694898817343	0.864549207816489	0.0133736437451407	0.011593625076606	0.110483523361764	0.829033845569265	0.0126314747570565	0.00820467767023819	0.150130002003441
0.857992840112138	0.0934927140082538	0.0165018387055085	0.0320126071741002	0.905486055585438	0.0369243923688638	0.00673647823791794	0.0508530738077803	0.729167503402785	0.259068352562202	0.0082981496182187	0.00346599441679445	0.976981352972366	0.0059658555850538	0.0170527914425805	0.968778107683197	0.0142216514051811	0.0170002409116219	0.868145698428687	0.0156240910059509	0.00786044864757793	0.108369761917784	0.829613925490655	0.00774593703626449	0.0100975230528768	0.152542614420204
0.858145782404443	0.0854541228927564	0.0188249580866261	0.0375751366161742	0.901782920844913	0.0409526601794938	0.00677242971772783	0.0504919892578653	0.780598154207976	0.210190093850929	0.00826189812429698	0.000949853816797876	0.975013479987036	0.0111478158960216	0.0138387041169428	0.971914388130104	0.0192955412105806	0.00879007065931534	0.870364262672188	0.0145145211609682	0.00772683972936078	0.107394376437483	0.817960824508633	0.0118053505236252	0.0139327522500472	0.156301072717695
0.869462449736533	0.0782106457119147	0.0152676991733642	0.037059205378188	0.896542937610042	0.0491749784585716	0.00689315408355628	0.0473889298478304	0.734740766774003	0.256428297260107	0.00780959109000755	0.00102134487588283	0.990074005426412	0.00959215812014481	0.000333836453443536	0.968782435131511	0.00877075484891584	0.0224468100195734	0.870881054227558	0.0146703051447873	0.00645436994807071	0.107994270679584	0.828008075156613	0.0152373338522318	0.00484631097744468	0.15190828001371
0.872850073775842	0.0744680170538006	0.0147024973409151	0.0379794118294425	0.901977004954702	0.0473931080053159	0.00660539645814446	0.0440244905818377	0.760112777862039	0.234757701689481	0.0051063721632618	2.31482852181249e-05	0.978970932633604	0.0100244050369742	0.0110046623294222	0.960656766981574	0.0183582588057206	0.0209849742127058	0.861146309087687	0.014123943852954	0.0134854697053953	0.111244277353964	0.827844760620799	0.0106881388054108	0.00587606022293885	0.155591040350852
0.873502389036824	0.0693697343817189	0.0191833735133551	0.0379445030681023	0.901599740143669	0.042988213648195	0.00938532440267629	0.04602672180546	0.717417580655447	0.277450348625003	0.00494697557874193	0.000185095140807998	0.968044192484266	0.0105768400204043	0.0213789674953298	0.96982530165406	0.0107272171177924	0.0194474812281471	0.866961554958805	0.014675550929062	0.0107703676188371	0.107592526493296	0.827103582200297	0.0077926439735184	0.0099986597601348	0.15510511406605
0.864309296655152	0.0880053403823828	0.0173981311337199	0.0302872318287452	0.906024727073559	0.0423971331336343	0.00656726012311877	0.0450108796696881	0.71960270555897	0.264357326412996	0.00831556665874897	0.00772440136928548	0.984552122242568	0.00934174313496692	0.0061061346224654	0.976057520629963	0.0124702997793642	0.011472179590673	0.874798993414788	0.00668175780887611	0.00825017094755597	0.11026907782878	0.826041634156787	0.0102288995681619	0.0060318584648098	0.157697607810241
0.874598768232987	0.0669658242450911	0.0226049240300729	0.0358304834918491	0.897877949754318	0.0437634260548783	0.00947597355385123	0.0488826506369527	0.790308670248515	0.203928801058119	0.00387385453465717	0.00188867415870837	0.984777103339436	0.00527339778941326	0.00994949887115051	0.969730399751539	0.014104455167604	0.016165145080857	0.86393765924701	0.0142573575840992	0.00861259507404224	0.113192388094848	0.822929614742431	0.0163611695112971	0.00779225301238328	0.152916962733888
0.86043181580024	0.0886046156924708	0.0152640499679854	0.0356995185393035	0.91138085151998	0.0382454280355883	0.00385301868763901	0.0465207017567923	0.749232774409434	0.241271997527966	0.00901788733330355	0.000477340729296048	0.968745245495137	0.00729475016790972	0.023960004336953	0.962586787799397	0.0136555836395822	0.0237576285610209	0.864180668417558	0.0155334132677019	0.00885766187477574	0.111428256439965	0.824991551363161	0.00969770860993871	0.01128871454657	0.15402202548033
0.876219060514339	0.0682311876897648	0.0152258495779281	0.0403239022179681	0.896735544021825	0.0457560658078022	0.00896715294645504	0.0485412372239178	0.727297667284584	0.265394409891744	0.00498129578469609	0.00232662703897496	0.960631240400031	0.0073029773329308	0.0320657822670383	0.970215954834119	0.0103937720012703	0.0193902731646102	0.866187917638861	0.0182474181927245	0.00484269398920102	0.110721970179213	0.821537750878608	0.0151547105339782	0.013022041862523	0.150285496724891
0.870891583233398	0.0751649626064307	0.0173645566508751	0.0365788975092957	0.895175703137076	0.0444596413992694	0.0123375998863607	0.0480270555772938	0.775497766681316	0.210724744438364	0.0072797039729146	0.00649778490740551	0.985398088668462	0.00534632861377671	0.00925558271776156	0.957851780263298	0.01339995324827	0.028748266488432	0.872151606551406	0.00641967197652322	0.0139060002887411	0.10752272118333	0.828406064950912	0.00975029976490301	0.00854488835210145	0.153298746932083
0.856682942938367	0.0862158840585015	0.0217135300229346	0.0353876429801971	0.910159221854347	0.0455925680605782	0.00355316486243895	0.0406950452226362	0.803222245572269	0.190913017828913	0.0051422167390813	0.000722519859737267	0.975725573626189	0.00904374657038453	0.0152306798034262	0.973607561655324	0.0126206499848045	0.0137717883598711	0.864321692410143	0.0123884784009791	0.0132712467424211	0.110018582446457	0.828239039321864	0.0138424456868909	0.00785333216049569	0.150065182830749
0.851863506726535	0.0986724988576665	0.00898749151212672	0.0404765029036723	0.904487584539688	0.0408896419641841	0.00679850424833455	0.0478242692477932	0.748788533771737	0.240834201026803	0.00831209389216053	0.00206517130929937	0.978918137878508	0.0101815687067292	0.0109002934147629	0.963965459053084	0.0120536054764532	0.0239809354704628	0.866042514739595	0.0130524461596976	0.0132822574874037	0.107622781613304	0.829777111050076	0.00843286376847843	0.0062385097653181	0.155551515416128
0.844940267210954	0.103108554578094	0.0179798975015601	0.0339712807093912	0.921249877074783	0.03567524113534	0.00224853559630614	0.0408263461935706	0.74161769216023	0.254938982165173	0.00317921171580682	0.000264113958790508	0.979323653485819	0.0101364834455298	0.0105398630686515	0.960520160049668	0.014470952345172	0.0250088876051597	0.875089254092759	0.00867198411895975	0.00708747493978376	0.109151286848498	0.822211289629282	0.0105228792646777	0.0144428903570108	0.15282294074903
0.871331435151409	0.066961972516765	0.0180412374074934	0.0436653549243328	0.898961696879265	0.0520619023789722	0.00617926299014125	0.0427971377516218	0.719738618510611	0.272095127641833	0.007972277164752	0.000193976682804008	0.980858849625864	0.00778495930055799	0.011356191073578	0.949235624077396	0.0204515216729979	0.0303128542496056	0.870243154571646	0.013317358271689	0.00761575177589501	0.10882373538077	0.832171522629552	0.015722304837943	0.00302530085143732	0.149080871681068
