0.894089386593094	0.0947132115951898	0.0088805989961115	0.002316802815605	0.843030398928536	0.0935793969248189	0.00620095474522418	0.0571892494014213	0.344106132826799	0.654405187176319	0.00117890116855651	0.000309778828325194	0.988893286814624	0.00477105831322113	0.00633565487215495	0.99192043838853	0.00291765608648646	0.0051619055249837	0.867180384169612	0.000657541390984958	0.00603660210820589	0.126125472331198	0.806584974671475	0.0111778181798171	0.00571319152456217	0.176524015624146
0.922641138083565	0.0652736909991838	0.0101931054074115	0.00189206550983996	0.823399859978101	0.103202116165282	0.00721312608011263	0.0661848977765047	0.348316117517567	0.647277994806098	0.00300434457949192	0.00140154309684315	0.997447595223387	0.00198344522841381	0.000568959548198735	0.991559345491058	0.00655931116650769	0.00188134334243407	0.862637706355054	0.00186194577842622	0.00163219168565431	0.133868156180865	0.810475669571347	0.0134560141548117	0.00043434240057605	0.175633973873265
0.89083154139596	0.0959641346384344	0.0119404507318203	0.0012638732337855	0.849848194295449	0.0858193597989003	0.00490721769226174	0.0594252282133891	0.328716113174215	0.666942995244429	0.00166453997734285	0.00267635160401394	0.99126774131192	0.00458357525462563	0.00414868343345469	0.99141491580315	0.00437423480983349	0.00421084938701656	0.874298556829973	0.000579680823030853	0.000399113639018789	0.124722648707978	0.817048372647117	0.00706051668204965	0.00105761490441952	0.174833495766414
0.917689813503194	0.0768197096116725	0.00419653894387487	0.00129393794125913	0.817715459307756	0.0992172201749572	0.00783367655390844	0.0752336439633782	0.342138014078331	0.653748879811795	0.00335705355349278	0.000756052556380855	0.996175057374963	0.000229951784478088	0.00359499084055877	0.993201403000512	0.000481144098553342	0.00631745290093469	0.872759227607834	0.00122894959479803	0.00267368423130894	0.123338138566059	0.814342886757174	0.00988004429134353	0.000768140098608151	0.175008928852874
0.882677066993908	0.0948338592504387	0.0157638874467096	0.00672518630894359	0.854502417314893	0.0664616878453885	0.010385403701522	0.0686504911381963	0.337224599648597	0.656615503895259	0.00459102819758968	0.00156886825855479	0.998152606123533	0.00127970364790809	0.00056769022855847	0.988587822238085	0.00431477331620694	0.00709740444570846	0.871107192785497	0.00547353121934923	0.00282918356978059	0.120590092425373	0.817063588466905	0.010473026501718	0.000614772756471032	0.171848612274906
0.889446544443604	0.106724200955915	0.00284265923749606	0.000986595362984468	0.827922175746252	0.0729317710256994	0.00622907605216857	0.0929169771758801	0.320451867357843	0.678342571634955	0.000794634019092085	0.000410926988109771	0.991083069205241	0.00271901165644738	0.00619791913831123	0.990645080182664	0.00295189644380013	0.00640302337353632	0.868002483749007	0.00118928591063783	0.00221763771708015	0.128590592623276	0.816414996128583	0.0101221989066656	0.000904056421793884	0.172558748542958
0.916372243629039	0.0717012467560205	0.0114803296320035	0.000446179982937475	0.813775445411009	0.103244085946183	0.0103533298278264	0.0726271388149819	0.344650364652172	0.654463204637095	9.44617334150515e-05	0.000791968977317932	0.996513275195431	0.00244381831658855	0.00104290648798096	0.990128753880376	0.00252449511832416	0.00734675100129987	0.869063369640926	0.00412608448143664	0.000298977533515924	0.126511568344122	0.807590897373978	0.0133580768201309	0.00129308591822898	0.177757939887662
0.928640200011397	0.0573676809792986	0.0125795814868771	0.0014125375224271	0.836394160456161	0.0921495325955076	0.00775229649834272	0.0637040104499891	0.328780771570976	0.667432927056583	0.000876211431005198	0.00291008994143591	0.987963135794223	0.00667341296907434	0.00536345123670255	0.994376410635737	0.000923936589585431	0.00469965277467736	0.867684952853231	0.00428434411847819	0.000701035727253812	0.127329667301037	0.808243317094886	0.0166009031625666	0.00292855593405229	0.172227223808496
0.885797766943106	0.0894117466129065	0.023639790860894	0.00115069558309392	0.861388277666034	0.0535196916433108	0.0115550315506733	0.073536999139982	0.350953905748638	0.642358511177535	0.00211196113845147	0.00457562193537534	0.994467032445675	0.00131451129447799	0.00421845625984693	0.98322135336854	0.00665606405598316	0.0101225825754772	0.869632736142976	0.00454375542914535	0.00116398130566803	0.12465952712221	0.804891900284896	0.0182256369913655	2.86751167009648e-05	0.176853787607038
0.891362347988833	0.100447969060008	0.00788115798598136	0.000308524965178094	0.79979989867819	0.102836262768282	0.0072637091337093	0.0901001294198177	0.298669460604286	0.699212392753388	0.00153842261102262	0.000579724031303488	0.995491182253353	0.000143553978676027	0.004365263767971	0.990001983095485	0.00500660138026053	0.00499141552425493	0.867996246473723	7.39569008687683e-05	0.00379542031294614	0.128134376312462	0.809968560853969	0.0136014351869026	0.00417434988720038	0.172255654071928
0.863670525198572	0.121680639130377	0.0114699195619884	0.00317891610906248	0.882173000891345	0.0847697536203421	0.00231243629830027	0.0307448091900132	0.335040760887545	0.661387274041852	0.00025980431432287	0.00331216075628002	0.993887806920858	0.00390753307752052	0.00220466000162106	0.992488025308644	0.00386066842107263	0.00365130627028373	0.867550769545782	0.000988018309674705	0.00152604962761982	0.129935162516923	0.813538999332505	0.00932881060747721	0.00324677728623958	0.173885412773778
0.905900489939696	0.0764839254293659	0.0108793970844423	0.0067361875464963	0.800002357399548	0.108767445603679	0.00752587799670339	0.0837043190000693	0.334510367086367	0.658288127222889	0.00190195208452038	0.0052995536062233	0.9954936739265	0.000466145678757599	0.00404018039474242	0.995082358656712	0.00110798280946729	0.00380965853382091	0.868298598208594	0.000497976893106693	0.00288443622679982	0.1283189886715	0.809275071325606	0.0138749392923917	0.00129255315809019	0.175557436223912
0.920055180586921	0.0617540798219329	0.0128293955303613	0.00536134406078436	0.801165355766323	0.0655426930474208	0.0123758900906811	0.120916061095575	0.337054046272122	0.657071693457074	0.00130585390229922	0.00456840636850523	0.990221519313298	0.00395485446576309	0.00582362622093835	0.990848341289147	0.00271167423562274	0.00643998447523023	0.870857148639348	0.000271871228955582	0.000862986506522834	0.128007993625173	0.806690168798226	0.0119984253195942	0.000585710313506977	0.180725695568673
0.904656236390576	0.0834483532970039	0.00553869993787554	0.00635671037454449	0.826169724257398	0.0575825758309007	0.00526167787358699	0.110986022038115	0.370026015972889	0.620766119622806	0.0065376883030227	0.00267017610128162	0.993064054378175	0.00589118802642112	0.00104475759540361	0.9968736588799	0.000972339811647433	0.00215400130845248	0.866268698998289	0.00232624820331025	0.00101986919687882	0.130385183601522	0.815571542436568	0.014284240139302	0.00247176593349069	0.16767245149064
0.901172628151625	0.0825661039759059	0.0143007998964682	0.00196046797600124	0.844867820150469	0.0593807282872346	0.0114095034095362	0.0843419481527597	0.354941679013484	0.639246781085309	0.00403344912643856	0.00177809077476777	0.984085934630301	3.42802845053475e-05	0.0158797850851936	0.994919462106499	0.000679896825637429	0.00440064106786311	0.875101662806381	0.0014712654202225	0.00118827801452349	0.122238793758873	0.817535790767789	0.00967124163937922	0.00140151504325947	0.171391452549573
0.892738257277748	0.0946582280141775	0.00995422574973209	0.00264928895834256	0.83948509220292	0.0674530359202163	0.0088653043261911	0.0841965675506728	0.400148705534324	0.594742235864842	0.00289714330974172	0.00221191529109291	0.991860200969185	0.00322156808709528	0.00491823094371996	0.994725316492766	0.00175456952951378	0.00352011397771998	0.867794077280767	0.00202490695456324	0.00384471873258259	0.126336297032087	0.806638925032198	0.0106082948435906	0.00330428474746575	0.179448495376746
0.913153654919211	0.078761119943397	0.0077026286627102	0.000382596474682217	0.834525856697725	0.0376441191463665	0.00394102477966784	0.12388899937624	0.316061410234563	0.678297803501029	0.00350732897660414	0.00213345728780313	0.983573418074878	0.00363646759934171	0.0127901143257808	0.996400881417117	0.0029709741381207	0.000628144444762258	0.863484213406303	0.00494440116407215	0.00825910245111109	0.123312282978514	0.80560875097884	0.0132139843399855	0.00272854210154433	0.178448722579631
0.867026737367908	0.11464839589268	0.0182072337814473	0.000117632957964005	0.849525832739394	0.0744631374792487	0.00336704939076258	0.0726439803905945	0.331262696095908	0.662451505628762	0.00126740458170454	0.00501839369362539	0.989235200638721	0.0017261088829862	0.00903869047829284	0.994297646320075	0.00155482754973791	0.00414752613018661	0.868617342257536	0.00168298708721928	0.00278337197866894	0.126916298676575	0.811362905589115	0.0122408661024734	0.00109865693430196	0.175297571374109
0.891209195707993	0.0878506068558659	0.019519256454307	0.00142094098183462	0.882220849230878	0.0597741279726077	0.00710921067524546	0.0508958121212685	0.32747643351065	0.668767945224546	0.0011845624745599	0.00257105879024392	0.986584842718863	0.00516574062329809	0.00824941665783942	0.99117022813662	0.00284909738634247	0.00598067447703735	0.869187573942447	0.00270364825057672	0.00604777278297954	0.122061005023997	0.808694195596213	0.0160238746233148	0.000803321814366764	0.174478607966105
0.902750875097125	0.0823192340414182	0.0127074808662859	0.00222240999517073	0.871310481506252	0.0806413674452824	0.00429632228800204	0.0437518287604638	0.364179456850038	0.630442156671042	0.00134523950314158	0.00403314697577878	0.987858591007098	0.00235253887611207	0.00978887011679007	0.995564770232784	0.00192220260611701	0.00251302716109879	0.873291391256416	0.00327610543551312	0.000495250056397298	0.122937253251674	0.813636869846016	0.0107728427665786	0.00100411975070525	0.1745861676367
0.914901265013437	0.0813533054365798	0.00374035616803032	5.07338195317212e-06	0.817632575541413	0.109251064011774	0.0115289814542041	0.0615873789926089	0.336291774665591	0.661193181071067	0.00215769785924553	0.000357346404097321	0.990048088160457	0.00155749705849509	0.00839441478104818	0.989518427044163	0.00162070629332308	0.00886086666251424	0.869083871455823	0.00349624224569627	0.00124511883944435	0.126174767459036	0.814740248464959	0.0130999505806754	0.00183338397837044	0.170326416975996
0.874170128297882	0.104022748927066	0.01930466335307	0.00250245942198202	0.827781802314548	0.0643221701545859	0.00946402964918748	0.0984319978816785	0.336178616905338	0.653753434919862	0.000999807532003902	0.00906814064279624	0.986426404372856	0.00363651767892093	0.00993707794822336	0.994805838098597	0.00110965798346173	0.00408450391794163	0.870406393610659	0.000923669468189969	0.00235134953301279	0.126318587388138	0.807675349864111	0.0144895913431045	0.00242187875218259	0.175413180040601
0.891538981155397	0.0942474222204896	0.0128287498541416	0.00138484676997204	0.848279973143768	0.0952786292506672	0.00487954011058171	0.0515618574949833	0.32609093657223	0.669090606961697	0.00248404027853881	0.00233441618753385	0.994543606532852	0.00438669521782606	0.00106969824932196	0.987035295348918	0.00516007624489071	0.00780462840619114	0.865706281596212	0.000937402174734046	0.00576334605179029	0.127592970177264	0.811601067262347	0.00782972358493231	0.00334133924644342	0.177227869906277
0.901577425167223	0.0819170335703861	0.0163922423376123	0.000113298924778382	0.78922856301353	0.117993427700673	0.00120274161344396	0.0915752676723527	0.354362583855304	0.642045042489576	0.00340640259764868	0.000185971057470709	0.987763237014995	0.00395462586657264	0.00828213711843217	0.987891298468128	0.00599919477548997	0.00610950675638258	0.872210873904477	0.000511836940481879	0.00304075972588081	0.12423652942916	0.806068233535997	0.0162841896301719	0.00507077797337656	0.172576798860455
0.897877719018752	0.0844499945314439	0.0158134033096597	0.00185888314014401	0.810602201169923	0.0891174977711912	0.00517188642933397	0.0951084146295516	0.349467771289956	0.646304565097626	0.00412530357399697	0.000102360038421556	0.996581746426091	0.00207693304796954	0.00134132052593942	0.99075689455612	0.000602181495733709	0.00864092394814573	0.872488167338042	0.000578771328816494	0.000829808706651562	0.12610325262649	0.80848657706464	0.0128634540632157	0.000403522478553738	0.17824644639359
0.90178605822489	0.0809082845545444	0.0102950208458545	0.00701063637471087	0.812637684428483	0.111259233993033	0.00383329509255838	0.0722697864859261	0.362927323546636	0.630225240296192	0.00385595125810669	0.00299148489906509	0.995274964613181	0.000701227235278973	0.00402380815154051	0.995900406021058	0.00171630555120957	0.00238328842773216	0.87508169618447	0.0032306235163886	0.00313399887943331	0.118553681419708	0.808009126113984	0.00650897759955925	0.00352319438784123	0.181958701898615
0.881057668944448	0.099123887243386	0.013793138420267	0.00602530539189902	0.812693978165941	0.115646473571131	0.0069662972545914	0.0646932510083363	0.364706947670594	0.632320438140282	0.000877541820122577	0.00209507236900198	0.986891781344002	0.00339915824172444	0.00970906041427365	0.999250098670534	0.000378334092182833	0.00037156723728334	0.864884347781249	0.00211524116251155	0.00390281531819634	0.129097595738043	0.808912038868619	0.0138257478194829	0.00135023104070483	0.175911982271194
0.900706552299344	0.0789929984917764	0.0142193153219825	0.00608113388689678	0.871020402685	0.0644842197098433	0.0120554418109101	0.0524399357942467	0.363209902199304	0.633614464819436	0.00212046829000165	0.0010551646912582	0.991557730998572	0.000528738792288362	0.00791353020913964	0.994856439145382	0.00152904808955226	0.00361451276506568	0.875640677421153	0.00276370319477622	0.000681176184608371	0.120914443199462	0.816924016778069	0.00739049602640995	0.000713758281929763	0.174971728913592
0.884397651561707	0.0968852419238216	0.016524452684681	0.00219265382979058	0.863184489078182	0.0654084998586581	0.00515069154923793	0.0662563195139219	0.324912929693838	0.672221685034041	0.00192178054976799	0.000943604722353068	0.98388563887999	0.00418433199009725	0.0119300291299122	0.994015189798233	0.000944328530400091	0.00504048167136643	0.867007375329883	0.00384380043528092	0.00484010029828458	0.124308723936552	0.81042726158582	0.0132443155801927	0.00323624992215722	0.17309217291183
0.902375462213663	0.0879250027993811	0.0080643731558858	0.0016351618310702	0.856881809937401	0.0552419291234353	0.00472630743019129	0.0831499535089728	0.304703274487156	0.687444569394113	0.00373040743796061	0.00412174868076997	0.994793331232681	0.00497960394205619	0.000227064825263179	0.995218723693649	0.0038634178219282	0.000917858484422276	0.865234086902682	0.00190456639893562	0.00195101661978839	0.130910330078594	0.815622984358844	0.00798159911747192	0.000957459152974137	0.17543795737071
0.883405337491032	0.0997517721523456	0.0136349655273625	0.0032079248292598	0.823125415219156	0.0620816973534592	0.00687042125146918	0.107922466175916	0.339661471601001	0.650051621894102	0.00495456654594478	0.00533233995895152	0.994931738765484	0.00133243718252112	0.00373582405199475	0.995793919779309	0.000947091683149979	0.00325898853754145	0.86275297377464	0.00766992292119887	0.00207412171503084	0.127502981589131	0.811987751967975	0.0111584915472034	0.000643076312224752	0.176210680172596
0.876700746185009	0.103743326960534	0.0189949551943315	0.000560971660125123	0.835726811356376	0.0696780528161811	0.00515691479323035	0.0894382210342125	0.363458645137437	0.630631542409466	0.00206949350084264	0.003840318952254	0.992452214931034	0.00105536006318909	0.00649242500577707	0.99303673224498	0.000520311436514159	0.00644295631850614	0.869289673663585	0.00219973714794251	0.00323641045981571	0.125274178728657	0.80670876801204	0.0168353927484541	8.48088100684501e-05	0.176371030429437
0.907790135538286	0.0776715825085576	0.0128834923174857	0.00165478963567051	0.857407219493393	0.0731769527019559	0.00804392076738207	0.0613719070372692	0.31199750728483	0.680490406794479	0.00333090357598922	0.00418118234470192	0.989882077285365	0.00247118051846106	0.00764674219617404	0.996192479067438	0.00100350118470516	0.00280401974785689	0.863558735794586	0.00634964626436529	0.00290135354488845	0.12719026439616	0.802548557422608	0.0203012948902695	0.00170876370523475	0.175441383981888
0.891165545806602	0.0986146607240951	0.00704258137893724	0.00317721209036523	0.814915586403718	0.0594644346976917	0.0048202844852792	0.120799694413311	0.336941779892138	0.652778613279484	0.00719356470231289	0.0030860421260653	0.992792929007924	0.00220486714775169	0.00500220384432445	0.9889347453278	0.00610893018304182	0.00495632448915791	0.861983952818501	0.00665408850115745	0.0026661209234698	0.128695837756871	0.809425739253838	0.013112391965531	0.00430405977811471	0.173157809002516
0.891503177339955	0.0966741557850422	0.00876371426594791	0.00305895260905455	0.886765103667419	0.0522137532011655	0.00634964335383559	0.0546714997775795	0.31745211886428	0.677368697904328	0.00372654343659702	0.00145263979479487	0.996424608310006	0.000687773941052035	0.00288761774894164	0.992505260384974	0.000666041249103005	0.00682869836592292	0.878838928607427	0.000379985055120131	0.00183977760836877	0.118941308729084	0.800866898994291	0.0179681676256427	0.00233065535638059	0.178834278023686
0.92109596761831	0.0770052358727824	0.00184258468749433	5.62118214134158e-05	0.864408118895478	0.0646021517803335	0.00600052769573447	0.0649892016284538	0.317711114496454	0.67711207415613	0.00327250346992275	0.00190430787749314	0.989476029847071	0.000921598101370453	0.00960237205155823	0.988549911709261	0.0012747785585639	0.0101753097321753	0.864337519409746	0.00419203165504069	0.00287598644688003	0.128594462488334	0.805356463675869	0.0122749866492775	0.00842707910563969	0.173941470569214
0.900388409382081	0.085769942727726	0.0113404912152725	0.00250115667492003	0.805874497936134	0.0899739190984879	0.00622175543091345	0.0979298275344647	0.312485994312691	0.682248160141365	0.00424831623162049	0.00101752931432296	0.988620816564074	0.0030160314148705	0.00836315202105578	0.984160559260725	0.00936961189476186	0.00646982884451254	0.862491259324591	0.00141164753286493	0.00406881112864633	0.132028282013898	0.804019902378975	0.0108712723736324	0.00915779517293935	0.175951030074453
0.870514619568856	0.116830318802297	0.00579135481754602	0.00686370681130035	0.816734841687191	0.101763813031017	0.0104249800337458	0.0710763652480463	0.308437277286583	0.685898692882972	0.00289764342940942	0.00276638640103566	0.992684926139981	0.00308851315852767	0.00422656070149177	0.987764272248113	0.000350528045593223	0.0118851997062937	0.871101024692129	0.000173165771107103	0.00355049498213298	0.125175314554631	0.808257934990309	0.0139470594178891	0.000111296837228434	0.177683708754573
0.866638207364927	0.109329775338399	0.019297353834562	0.00473466346211148	0.798609175228144	0.100858297201267	0.00666714682900131	0.093865380741588	0.311577405854884	0.683853756604024	0.00174023612680407	0.00282860141428788	0.995417659943763	0.000566490564010778	0.00401584949222654	0.99257954520918	0.00221979233534009	0.00520066245548017	0.862266470569095	0.000423745107991288	0.00636649759862522	0.130943286724288	0.813493227231296	0.00728688695307929	9.96478709797565e-05	0.179120237944644
0.868817058122397	0.110741421577384	0.0200203778421952	0.000421142458023631	0.839448303496457	0.0678093850053106	0.00333085484523825	0.0894114566529941	0.310900421953328	0.678825049944811	0.00377133679901864	0.0065031913028428	0.987696273119875	0.0012980266545045	0.0110057002256205	0.991984951662203	0.00290922896919387	0.00510581936860349	0.858855681913896	0.00309651051870411	0.00664347366657017	0.13140433390083	0.811047453497908	0.010100625998275	0.000493687607801524	0.178358232896016
0.910943888788322	0.0693188306868666	0.0164892300977178	0.00324805042709339	0.774314082400585	0.0913970986596328	0.00988556483936815	0.124403254100415	0.333355545548667	0.664238882737608	0.000557111169667498	0.00184846054405815	0.993441158432994	0.00315370355642483	0.00340513801058129	0.996039857658609	0.000712591135072028	0.00324755120631863	0.871391080946733	0.00158791373068977	0.000786348940483483	0.126234656382094	0.811732727527888	0.00959314879847142	0.00200834462812903	0.176665779045512
0.898952297504253	0.0826021343319431	0.0157620542898737	0.00268351387393039	0.842462703880769	0.0713631888251088	0.00821554282746378	0.0779585644666585	0.356183981296907	0.636666668350723	0.00653557774106404	0.000613772611306126	0.986716712847179	0.00835760474281633	0.00492568241000499	0.987561501666028	0.00269907476444148	0.00973942356953065	0.864336445835989	0.00575196017768032	0.0010212831758617	0.128890310810469	0.807451695844432	0.00960427666460064	0.000582199412808946	0.182361828078159
0.882911168481357	0.10294879203709	0.0109101904333092	0.00322984904824431	0.883048386334212	0.0497753413435255	0.00651875763969331	0.0606575146825692	0.312285254031025	0.686069737419992	0.00138392421905182	0.000261084329931928	0.990571937799661	0.00170392729477492	0.00772413490556367	0.99248431386778	0.00168591596357502	0.00582977016864526	0.870328622227017	0.000869733641200023	0.00339843516997639	0.125403208961807	0.811647974455855	0.0126654800515902	0.00157311447834538	0.174113431014209
0.885710921176973	0.0959310500731611	0.0156348825448181	0.00272314620504804	0.834194891371582	0.087463742839541	0.0039826581364967	0.0743587076523803	0.33036338389827	0.663143970038028	0.00200038811235357	0.00449225795134814	0.988017357212243	0.000481207613288243	0.0115014351744691	0.99402150894459	0.000652709456511776	0.00532578159889808	0.865291623328477	0.00313850866584742	0.00237788318174483	0.129191984823931	0.811393320911541	0.00944324256394184	0.0058540929589911	0.173309343565526
0.887914578734476	0.0955984852893127	0.0153220748511063	0.00116486112510541	0.865887003997173	0.0600462751740447	0.00753312673195248	0.0665335940968292	0.329196632407908	0.659004804048379	0.00577713956457391	0.00602142397913852	0.990640674250534	0.000400365363822025	0.00895896038564408	0.996565284229097	0.00227668709990453	0.00115802867099844	0.871101074794956	0.00122422927981483	0.00274776993355616	0.124926925991673	0.805604578149547	0.0147516856896776	0.00455397398028965	0.175089762180486
0.906372825185169	0.0869670701274415	0.00661335662130879	4.67480660809201e-05	0.846399105149412	0.0757270103265468	0.00187596025631783	0.0759979242677235	0.340899206304168	0.653489524349219	0.00308870290512443	0.0025225664414884	0.993936882286225	0.00409536292332742	0.00196775479044743	0.994254589789367	0.00206360119281553	0.00368180901781784	0.849624933340681	0.00849220122074371	0.00733126938141345	0.134551596057162	0.809603251562631	0.0128689485438359	0.00413519392197919	0.173392605971553
0.895559633965889	0.0927803109274035	0.00983529093886406	0.00182476416784316	0.805986380618948	0.0832876815904206	0.00760073865573862	0.103125199134893	0.348549948671819	0.647614661154315	0.00177764795907886	0.00205774221478773	0.992825917228158	0.00109678218865943	0.00607730058318215	0.993897883586699	0.00147207992505646	0.00463003648824422	0.869245660288539	0.00116410869578926	0.00209573837043726	0.127494492645235	0.81326259529703	0.0116810021984935	0.00164333776228485	0.173413064742191
0.89722797436338	0.0862914940836181	0.0139265897388024	0.00255394181419918	0.824917437156841	0.0814120161911593	0.00824166629849661	0.0854288803535032	0.335389988477895	0.662784503797275	9.71830549816764e-05	0.0017283246698476	0.98657895451487	0.00479261347498278	0.00862843201014723	0.991142970089249	0.00319265431032217	0.00566437560042888	0.87086345832418	0.000516307458668572	0.000673062524324443	0.127947171692827	0.809183337100886	0.0125874366636377	0.00432778404484074	0.173901442190636
0.876116634797247	0.110427664701966	0.0121753045384251	0.00128039596236215	0.803782983683324	0.100156938347624	0.00957615777469926	0.0864839201943533	0.322977361512301	0.676135491671066	0.0002048657929682	0.000682281023664374	0.988051046735691	0.00507055059315099	0.00687840267115834	0.993362435452692	0.00428088751269721	0.0023566770346112	0.867511844452971	0.00116702619570296	0.00275896589734439	0.128562163453981	0.800600231514451	0.0151642714959167	0.00793940363484609	0.176296093354787
0.878668781397229	0.0997036249734299	0.0195433286648757	0.0020842649644653	0.811027258103141	0.0767777800449677	0.00247743740585647	0.109717524446035	0.335378523525826	0.656417029439495	0.0016910326364825	0.00651341439819607	0.994737143974812	0.00378466477610599	0.00147819124908144	0.98945249365814	0.00413802355282791	0.00640948278903159	0.870899929365867	0.00320203739098856	0.00318867588744536	0.1227093573557	0.812751080200919	0.00559940394365072	0.000407172276266035	0.181242343579164
0.893748919845925	0.088314745291283	0.0163993571709786	0.00153697769181349	0.856972040199662	0.0626781630614431	0.00756120456713188	0.0727885921717626	0.349353061864081	0.641520757455813	0.00738653539308942	0.00173964528701682	0.989486239351521	0.00178580292702769	0.00872795772145083	0.99752150856879	0.00233560833614088	0.000142883095069121	0.869728299769647	0.000918263823305766	0.00319362953625397	0.126159806870793	0.810305013401154	0.0147146961373924	0.000387679620524026	0.174592610840929
0.896480717467843	0.0956555439879843	0.0074224044761368	0.000441334068035623	0.846537206686256	0.0821440578959693	0.00586004255427478	0.0654586928634999	0.330537631418586	0.662309553771181	0.00519099989688349	0.00196181491334983	0.992675928903674	0.000327956597626848	0.00699611449869953	0.992921420421947	0.00158309504491132	0.0054954845331415	0.873079090698444	0.0026770955259725	0.0013798984218848	0.122863915353698	0.812188095264704	0.0118897736014251	0.000707802704304995	0.175214328429566
0.893956974556839	0.0906248615305628	0.0148090119468428	0.000609151965755803	0.829810412388098	0.0974249654709013	0.00450517657953106	0.0682594455614693	0.345225157863008	0.65140226553649	0.00174788235766663	0.00162469424283587	0.988677333119752	0.00453671486213165	0.00678595201811607	0.995638821954239	0.00342256359214978	0.000938614453611077	0.873184198360131	0.00013393100564452	0.000903737162149715	0.125778133472075	0.808612859751212	0.0094544882071236	0.00532982383469177	0.176602828206973
0.890018710583089	0.0914014406325802	0.0176417750331382	0.000938073751192408	0.841212924384139	0.0925945804648946	0.00327218479477494	0.0629203103561915	0.312797371520957	0.67930563862118	0.00560985713001367	0.00228713272784917	0.993408919194134	0.00140352433215197	0.00518755647371417	0.993800493291729	0.00103174889125364	0.00516775781701688	0.872802205668102	5.2921051120873e-05	0.00190693146001482	0.125237941820763	0.811060531550914	0.00825936815425694	0.000736337096905956	0.179943763197924
0.900567253158199	0.0789327769304722	0.0202420519000502	0.000257918011279057	0.808675660398337	0.088082619017658	0.00132457891243141	0.101917141671574	0.353864258454827	0.642621897633644	0.000887620738454242	0.00262622317307448	0.996383384307543	0.00286078374462234	0.000755831947834847	0.996469771160688	0.00119568527323212	0.00233454356607961	0.872684069713908	0.00105473210161347	0.000903220295392331	0.125357977889087	0.808819153570713	0.0138778823755126	0.00256932069736182	0.174733643356413
0.881908301665734	0.105842160759086	0.0119789888014909	0.000270548773688644	0.81480420271716	0.0974058009235729	0.0103769852594552	0.077413011099812	0.34722185377297	0.643079581644342	0.00727417442653865	0.00242439015614895	0.987175810903337	0.00260018799278394	0.0102240011038796	0.988256593158331	0.00321538677480525	0.00852802006686404	0.867105329362948	0.000896195976168292	0.00207161911892618	0.129926855541957	0.81533801504038	0.00858404317992262	0.00498065123357852	0.171097290546119
0.875389572102682	0.105769900362079	0.0158929151213005	0.00294761241393802	0.873482571583618	0.0473658413331188	0.00506056919724997	0.0740910178860135	0.329617633429092	0.666710507254366	0.00196860418688474	0.00170325512965684	0.996541682816916	0.00062655802403424	0.00283175915904921	0.992095704985299	0.00327417311540957	0.00463012189929143	0.871385002978829	0.00142945410966674	0.00498684285642154	0.122198700055083	0.807760602105191	0.013233314953362	0.000663074479081359	0.178343008462366
0.880670706549363	0.100723150472444	0.015379430847069	0.00322671213112422	0.886519740787858	0.037096576779887	0.00738790728222148	0.0689957751500341	0.328139870369959	0.658667498823499	0.00651620207087538	0.00667642873566601	0.992272340522	0.00361609872358592	0.00411156075441415	0.995956347458715	0.00334674638173052	0.000696906159554344	0.869487323634359	0.002350593273031	0.00700019461404854	0.121161888478561	0.819019818018336	0.00831474291743687	0.00086616790774936	0.171799271156478
0.897298066068911	0.083260826530151	0.0167488210548365	0.00269228634610148	0.804860006065506	0.117208450460627	0.00614729006314709	0.0717842534107199	0.352966711606883	0.639759759489336	0.0065127174830739	0.000760811420707006	0.987466464046554	0.00438062664076339	0.00815290931268215	0.989326183319852	0.00611877990801443	0.00455503677213346	0.873429816941728	0.00120441382681093	0.00362930137647355	0.121736467854987	0.803447082079259	0.018975073314466	0.000265353825954939	0.177312490780321
0.907752980509405	0.0797883042829662	0.00563928901094403	0.0068194261966844	0.841173811991318	0.0732486493550158	0.00378011613985823	0.0817974225138074	0.339387458726598	0.65890319845155	2.10510561741047e-05	0.00168829176567776	0.991680761230016	0.00118039867523423	0.00713884009474932	0.988772021414263	0.00521130370056012	0.0060166748851768	0.863288260949581	0.00308640534608471	0.00345593677611434	0.13016939692822	0.808442682959582	0.0109836984069772	0.00142497915963883	0.179148639473802
0.916115854579282	0.0726001707418223	0.0112296182759103	5.4356402985916e-05	0.842190287257041	0.0855945443298382	0.00366987080632373	0.0685452976067969	0.305581459507034	0.692677365010055	0.00139418064236169	0.000346994840550089	0.993690196158627	0.00360038493866175	0.00270941890271165	0.998828979176953	0.000648895020758954	0.000522125802288265	0.859452723173327	0.00303977447474274	0.00777260347498191	0.129734898876948	0.811106684074958	0.00731889077471269	0.00145041921845799	0.180124005931871
0.90500980750473	0.0798452907932197	0.00923468296332949	0.00591021873872099	0.882259743259878	0.0372912223816369	0.00867963060422212	0.0717694037542629	0.350862082903928	0.642248574784783	0.00584442099601396	0.00104492131527474	0.987277042803677	0.0010084489864583	0.0117145082098649	0.991638755496654	0.00585787800006351	0.00250336650328266	0.870699074980142	0.00293642321106058	0.00283979720006999	0.123524704608727	0.80546562371134	0.0178361085394017	0.00325435031621927	0.173443917433039
0.898548822292823	0.0850134234165929	0.0127556971770021	0.00368205711358211	0.844648643080658	0.099387510202826	0.00367410118588957	0.0522897455306266	0.346376458843229	0.648714749205109	0.00209977631006702	0.0028090156415953	0.998288772265461	0.000778376428151848	0.000932851306386613	0.994685703864047	0.00184097742041468	0.0034733187155388	0.866788504478732	0.00289402238341292	0.00292651192005394	0.127390961217801	0.808386097495241	0.00944828212593348	0.00337681844384528	0.178788801934981
0.895108846840575	0.092221360816341	0.00892593155619494	0.00374386078688913	0.820199458476879	0.111695130030499	0.00649778258178539	0.0616076289108372	0.347222811791028	0.644232679217313	0.00701312691202092	0.00153138207963861	0.994344406600246	8.38074102252494e-05	0.00557178598952879	0.988497872178299	0.00542646347281425	0.00607566434888726	0.874194002103698	0.00109674004374748	0.00435963734658013	0.120349620505974	0.811439358815282	0.0123084626528057	0.00124669623328487	0.175005482298628
0.888616253148107	0.0922203454361712	0.0166200760335018	0.00254332538222021	0.855161787521639	0.0429772878210968	0.006964988772181	0.0948959358850834	0.341447496838507	0.655784879387785	0.00207971516992187	0.000687908603786708	0.993398043761589	0.00252830563768236	0.00407365060072844	0.988483298963089	0.000376678849092592	0.0111400221878186	0.862931929328156	0.00371862717775758	0.00356205495253407	0.129787388541552	0.808617813360676	0.0116480494594398	0.00102541750843082	0.178708719671453
0.924156945778615	0.0665446176070911	0.00604131462301122	0.00325712199128284	0.926876443900979	0.0310807072809144	0.00858725766013853	0.0334555911579682	0.313401286952657	0.684530275670586	3.26542531649715e-05	0.00203578312359167	0.989633684863568	0.00340497754248172	0.00696133759395068	0.993503913545793	0.00247407166546418	0.00402201478874293	0.862701584519714	0.000137469612123534	0.0046744446049984	0.132486501263164	0.81132316286281	0.0136666498206591	0.00115097371181967	0.173859213604712
0.889986111128924	0.094703760683053	0.0143554620583899	0.000954666129633398	0.806721715589264	0.0658860699278526	0.00470436036932546	0.122687854113558	0.340024570334663	0.658267428539483	0.000458930318966019	0.00124907080688772	0.990785467268731	0.00157420585636573	0.00764032687490367	0.990965732098709	0.000396563740316144	0.00863770416097499	0.867612977469862	0.000451261628029281	0.00367375631270559	0.128262004589404	0.807621395153543	0.0122551763441034	0.00246164405967522	0.177661784442678
0.917023028395021	0.0701298843569285	0.00852270313624901	0.00432438411180161	0.820559255048956	0.0966572604962936	0.0111223180971539	0.0716611663575965	0.341351898355053	0.65101635377692	0.00566510644623283	0.00196664142179388	0.997231415810231	0.000140976319512133	0.00262760787025686	0.995727158844354	0.000439108488599224	0.00383373266704681	0.870038876078959	0.00192825123722177	8.04652978737285e-05	0.127952407385945	0.813148682844324	0.0091391675761505	0.000319308850787221	0.177392840728738
0.914363263589442	0.0747872625779917	0.00910172750703437	0.00174774632553212	0.810347498224556	0.108560718643717	0.0111576620188883	0.069934121112838	0.311456171693695	0.681735069794696	0.00409707492570485	0.00271168358590455	0.990610103642457	0.00195905319962531	0.00743084315791741	0.995609810783194	0.000113258827794254	0.00427693038901126	0.862886111167826	0.00657213937134786	0.00371050702832323	0.126831242432503	0.804916419142723	0.0157110808904652	0.0022969013291347	0.177075598637677
0.892176226890226	0.087385590255642	0.0163325772162313	0.00410560563790025	0.829782980743994	0.0965651922281564	0.00688339823635137	0.0667684287914982	0.316010381584842	0.676936301279027	0.0033932773721477	0.00366003976398343	0.98846066753629	0.00168334173160026	0.00985599073210939	0.998825572252844	6.76149309211939e-05	0.00110681281623504	0.866163609454594	0.00736234010504717	0.00208447205288456	0.124389578387474	0.814415963530464	0.00911718187505253	0.000302949733341665	0.176163904861141
0.893106115999704	0.0836300289018454	0.0165692809418053	0.00669457415664492	0.870870576495992	0.107315518929394	0.00456050633971795	0.0172533982348962	0.335767523995015	0.659374170178332	0.00236183717007553	0.00249646865657754	0.994854924015419	0.00486069373005948	0.000284382254521228	0.98121887098341	0.00768166835632727	0.0110994606602622	0.865635788793572	0.00141435291416391	0.007478976655525	0.125470881636739	0.812514436160536	0.0106377228212355	7.1555086610727e-05	0.176776285931618
0.90132282731105	0.0882778263123197	0.0103900113915027	9.33498512745397e-06	0.838584191483333	0.0847750383370253	0.00579292496256056	0.0708478452170815	0.344130092953515	0.65022545122848	0.00116443769016548	0.00448001812783903	0.994604585455747	0.000216393753604892	0.00517902079064804	0.987726978383001	0.00545058123510986	0.00682244038188864	0.876867906611157	0.00248995421157863	0.000251573560461747	0.120390565616802	0.80609695477393	0.0109913715362259	0.00503703620982961	0.177874637480014
0.878870984984039	0.0982506075226249	0.0198820971060856	0.00299631038725029	0.899992840732573	0.0526162310119921	0.00277831044087364	0.0446126178145613	0.310888256691143	0.682182185206129	0.00142818085154033	0.00550137725118777	0.994331925412262	0.000487560057512077	0.00518051453022625	0.997924770074721	0.000536339561603978	0.00153889036367519	0.87224098421969	0.00191548971151932	3.32864997698816e-05	0.125810239569021	0.803959211318826	0.0150802129770156	0.00236735022895246	0.178593225475206
0.893987648479841	0.0956473499704784	0.00847732192957652	0.0018876796201041	0.834571954729485	0.0657824139705529	0.0113221007864003	0.088323530513562	0.323615961927725	0.670937948777711	0.00331536200077944	0.00213072729378462	0.986740953628201	0.00349902350649284	0.00976002286530588	0.996275413028812	0.000917766631421724	0.00280682033976696	0.875603833426986	0.000772628989824258	0.00078173576024622	0.122841801822944	0.80838994049469	0.0161084609600345	0.00384129081112547	0.17166030773415
0.901717782996015	0.0810098819659254	0.012666934279654	0.00460540075840555	0.812234467258972	0.0867921898078182	0.00810126546126277	0.0928720774719475	0.316768400926981	0.671120662377563	0.00590678544877176	0.00620415124668411	0.99234750565437	0.00413565137580249	0.00351684296982753	0.991902340797309	0.00178695596575186	0.00631070323693894	0.864439820376844	0.00752478293057813	0.0044928966496403	0.123542500042938	0.808269192151353	0.0148985595816169	0.00466584973428909	0.172166398532741
0.903468422208867	0.0781125811072792	0.0144368722031588	0.00398212448069531	0.919672846474572	0.0361508784245218	0.010806238903324	0.0333700361975817	0.345085398091576	0.652427040638648	0.00171800794434248	0.000769553325433829	0.994513219152744	0.000537295603365491	0.0049494852438905	0.995245783407577	0.000991226867937225	0.00376298972448582	0.869177136155743	0.00558876566151372	0.000167783532414557	0.125066314650328	0.807369187448366	0.0135325335613861	0.00278493836718399	0.176313340623064
0.905809932817155	0.0729757075875359	0.0160039070670235	0.00521045252828578	0.844264893032886	0.0810462760826278	0.0117507105732987	0.0629381203111874	0.309842122871461	0.688403847818674	0.000682352769158515	0.00107167654070649	0.988062286100502	0.00376299552635363	0.00817471837314467	0.998562949718409	0.000497278238890338	0.000939772042700396	0.868524060487383	0.00261542180678266	0.00211621087152021	0.126744306834315	0.807156003700229	0.0146094901101215	6.74591407490993e-05	0.1781670470489
0.894882075589721	0.0842945806079825	0.0154729439623194	0.0053503998399771	0.873596774076824	0.0600021920756083	0.00358483507539645	0.0628161987721715	0.335169019964681	0.663009515150891	0.000772967697246333	0.00104849718718201	0.995516269096887	0.0029725729060377	0.0015111579970756	0.990564605793015	0.0034718438784352	0.00596355032855037	0.875723731980847	0.00157604144669287	0.00142624021305318	0.121273986359407	0.815907726404656	0.00735795121926768	0.0037408462694462	0.17299347610663
0.894786680868065	0.084783140001115	0.013397885189308	0.00703229394151198	0.85782552673534	0.0712506357419557	0.00302596602559648	0.0678978714971079	0.339413467324437	0.658190453986047	2.41986465463951e-05	0.00237188004296929	0.989484038355864	0.00154691500535958	0.00896904663877676	0.990013755228181	0.00265628907644775	0.00732995569537127	0.869414819116502	0.00168154612467319	0.0017208192608732	0.127182815497952	0.81460571391182	0.00764692010261644	0.000576509105058872	0.177170856880504
0.888612924603615	0.0986994966584321	0.0114348317147237	0.0012527470232298	0.765234197366593	0.117552709953842	0.00250283895391896	0.114710253725646	0.328987089436041	0.663542221215946	0.00363534944114976	0.00383533990686274	0.992281925152941	0.00266100137704673	0.00505707347001227	0.994082347060866	0.00195294546943267	0.00396470746970152	0.857887887420997	0.00345545270343335	0.010540151957856	0.128116507917714	0.813702742273663	0.0146681294715158	0.00228506041718541	0.169344067837636
0.884515711259341	0.104206391739317	0.00943047545017522	0.00184742155116719	0.893453220531704	0.0448434173532804	0.00681457591527227	0.0548887861997433	0.312653079623761	0.686246132818393	0.000130440318432341	0.000970347239414617	0.9924558128727	0.00140640787043753	0.00613777925686267	0.990190357152707	0.00503839582595696	0.00477124702133613	0.871447910882559	0.000665806805061158	0.00126993102928158	0.126616351283098	0.812079361360942	0.0130018471526324	0.000725053238893199	0.174193738247533
0.910551758597895	0.0719111421565444	0.0142193478962738	0.00331775134928678	0.863128734812231	0.0616199602802447	0.00984288303668788	0.0654084218708361	0.370810330970554	0.623047220957648	0.00600046283732623	0.000141985234472383	0.997281511785543	0.000444416130200412	0.00227407208425661	0.990895156153242	0.00272675495140381	0.0063780888953547	0.872855994008414	0.000786352100213897	0.00371668983996415	0.122640964051408	0.805906212869622	0.0144302809642132	0.00358742896744689	0.176076077198718
0.880311615383158	0.108964786837061	0.010290517139457	0.000433080640323337	0.872803942757604	0.0509284486153321	0.00809937761312395	0.0681682310139403	0.330994859443956	0.663257598964468	0.00336272962139675	0.00238481197017987	0.997749545539673	0.00142027439068551	0.000830180069641061	0.99302287336283	0.000884884500881646	0.00609224213628832	0.86991665463821	0.00104614647725613	1.54636594365352e-05	0.129021735225097	0.806969321887271	0.012252688372024	0.00145444232957029	0.179323547411135
0.899440469286779	0.0893448772012343	0.00828930405617207	0.00292534945581497	0.87129585705939	0.0718966146969197	0.00397711812048473	0.0528304101232059	0.319473163886231	0.673542067864095	0.00180593914086046	0.00517882910881289	0.99288683518638	0.00121936249319535	0.00589380232042479	0.991454197597872	0.00526938242943224	0.00327641997269545	0.871398372277426	0.00268358335950081	0.00207993550989445	0.123838108853179	0.810367558328059	0.0117380168536936	0.00347722843643039	0.174417196381817
0.890656266347548	0.0984861129459455	0.0105420739581487	0.000315546748357463	0.850015959460639	0.0754297558536941	0.0120207788977324	0.0625335057879344	0.340039644738265	0.656957409493667	0.00100863516716555	0.00199431060090326	0.996964998232901	0.00188666447155324	0.00114833729554541	0.998182731428916	0.000794515848508081	0.00102275272257546	0.872393585844621	0.00064708210381085	1.88914344483265e-05	0.12694044061712	0.814541827100144	0.0107274524082461	0.00248617763040922	0.172244542861201
0.912991880103457	0.0760402513651418	0.0102620831835452	0.000705785347855609	0.809273282016544	0.11277663746659	0.00229244665188398	0.0756576338649816	0.337626894008549	0.656503104477172	0.00186584379947376	0.00400415771480573	0.995905053952144	0.00122897987310719	0.00286596617474828	0.992995098872126	0.000654626909367537	0.00635027421850662	0.866260996955623	0.000362504362238157	0.00594083234726791	0.127435666334871	0.813724345908925	0.0105804191337215	0.00147735563238746	0.174217879324966
0.878982468191862	0.0982874263462954	0.0203561629381175	0.00237394252372513	0.789403793548536	0.104447210411848	0.00680893231089203	0.0993400637287243	0.356116641897332	0.634044781815034	0.00578006332691492	0.0040585129607193	0.988545782954104	0.00420841701083576	0.0072458000350598	0.991884122334691	0.00246649140742609	0.00564938625788271	0.867932758241122	0.00372144731361655	0.000702903941139142	0.127642890504122	0.806572063342946	0.00987432592096292	0.0032544955520888	0.180299115184003
0.90723542784365	0.0851447599913558	0.00387738929330934	0.00374242287168533	0.865349817413055	0.0724718761630928	0.00842127730251083	0.0537570291213412	0.336384164271182	0.656204882037694	0.00496810641879683	0.00244284727232707	0.988168864962366	0.00227186514378194	0.00955926989385202	0.988932064291239	0.0035099377560495	0.00755799795271171	0.866107066584891	0.0018068002228292	0.0011507238928414	0.130935409299438	0.810914619772601	0.0125162841057056	0.00141622268592825	0.175152873435765
0.90726983713961	0.0787088646373194	0.0081171669721442	0.00590413125092672	0.831454252491879	0.0570709907894204	0.0024809793072645	0.108993777411436	0.359929262382235	0.634785856067904	0.00036772731813974	0.00491715423172045	0.992692372080687	0.000630315567675007	0.0066773123516379	0.995140159871361	0.000266604813606048	0.00459323531503291	0.880997264771141	0.000667078431377707	0.000496979697572544	0.117838677099909	0.809028418928259	0.0133475019702985	0.00457202509314527	0.173052054008297
0.918707674831261	0.0721444944848462	0.00768898093970466	0.00145884974418824	0.869157888715209	0.0442465692339885	0.00860885204294686	0.0779866900078557	0.319826635542643	0.676829118050068	0.00050333390818225	0.002840912499107	0.99765735375272	0.00141632856246774	0.000926317684811715	0.997200200042193	2.71499315487196e-05	0.00277265002625843	0.868982373841416	0.00122500924112762	0.00263208783982413	0.127160529077632	0.809534694567736	0.0106870494806718	0.00138270685421736	0.178395549097375
0.892818644512305	0.0904901130311187	0.0140854942634704	0.0026057481931056	0.82628275626661	0.048218153477235	0.00740156330184215	0.118097526954313	0.317971176181363	0.6817031974903	0.000260438397206092	6.51879311306913e-05	0.992775885767755	0.00296344328847443	0.00426067094377027	0.992118189680869	0.00151748745833182	0.00636432286079898	0.868829921843022	0.000956246477455628	0.00559879539892796	0.124615036280594	0.808999737438143	0.010147818766639	0.0052466910968673	0.175605752698351
0.888245416764665	0.102968175156354	0.00797048364549154	0.000815924433490072	0.958589056480255	0.0102049796705753	0.0121175052681286	0.0190884585810412	0.28198047699456	0.709374457038792	0.00389311882439684	0.0047519471422512	0.997646667214812	5.96566577802999e-05	0.00229367612740749	0.988057921982513	0.00713925149891389	0.00480282651857356	0.867023308234296	0.00594166449079476	0.00316096285446698	0.123874064420442	0.811502635945217	0.0163528313941039	0.00125158948620966	0.17089294317447
0.881589048021247	0.0962258998258246	0.0159121426080695	0.00627290954485913	0.798649777675339	0.0927831544113602	0.00490720818770331	0.103659859725597	0.342215222658493	0.653081972618822	0.00131657699727285	0.00338622772541125	0.994144192191465	0.00185027287937623	0.0040055349291588	0.990454381815948	0.00229643811327318	0.00724918007077875	0.860197222258749	0.00280693817281461	0.00077727075194105	0.136218568816496	0.806727376344439	0.0125492811829659	0.00430263050298881	0.176420711969606
0.886145155433905	0.0903581811532421	0.0208702692396368	0.00262639417321577	0.80978333088271	0.106600665754576	0.00605784910210373	0.0775581542606102	0.317450055746668	0.68092956470312	0.000417668076315102	0.00120271147389674	0.996117283063038	0.000723807080495091	0.00315890985646678	0.9929142845051	0.00238126416812015	0.00470445132677939	0.873049624720952	2.59897730552183e-06	0.00074992606887932	0.126197850232863	0.812506751316021	0.011466866088031	0.000306661136788505	0.17571972145916
0.903220242907264	0.0794500472633183	0.0121979949318391	0.00513171489757841	0.868279918159101	0.0789235344602926	0.00639624420123371	0.0464003031793722	0.32943393082395	0.667448970022404	0.00138825231511185	0.00172884683853425	0.988584547274486	0.00437763841755231	0.00703781430796222	0.991363962257115	0.00272050107412537	0.00591553666875949	0.86937938031681	0.00224802421891787	0.00105043812711612	0.127322157337157	0.804041674533117	0.0141897846712833	0.00457160374186765	0.177196937053732
0.88139731481439	0.107795523585253	0.0100423059041693	0.000764855696186913	0.819231235129966	0.106754825490831	0.00651030210763805	0.0675036372715655	0.351775378555626	0.641195263739119	0.00511407799208873	0.00191527971316587	0.993435099294494	0.00108903369461206	0.00547586701089353	0.997854796808583	0.00160138520865348	0.000543817982763125	0.864354200006043	0.00220272847574348	0.0043906531506663	0.129052418367547	0.811558882337315	0.0116783830992167	0.00184751507620151	0.174915219487266
0.903038035050299	0.085689915596658	0.0070767582566847	0.00419529109635881	0.851840893819784	0.0377091524927385	0.00548463909697905	0.104965314590498	0.354618550413384	0.638851986507767	0.00456665676884745	0.0019628063100015	0.993506128038758	0.00100451402670054	0.00548935793454118	0.991125172252408	0.00441567334388743	0.0044591544037048	0.870736087472499	0.00103620808994971	0.000673413624246249	0.127554290813305	0.808217617458985	0.0147078057891263	0.0044575953097229	0.172616981442166
0.892399721764809	0.098323837630761	0.00692973691796304	0.00234670368646664	0.848556997526151	0.0727406314455352	0.00734317545056677	0.0713591955777472	0.335572495365684	0.663134207738043	0.000110036626840037	0.00118326026943234	0.990754032574356	0.00133973498225142	0.00790623244339237	0.999665688068592	0.000213525157500917	0.000120786773907416	0.86383916655193	0.00300319166043925	0.00254413428670357	0.130613507500927	0.810456891360243	0.017638205817311	0.000883162447876673	0.171021740374569
0.884989507776467	0.100226828124979	0.0114335875338748	0.00335007656467935	0.854951005405495	0.0472644597034583	0.00804329239137757	0.0897412424996693	0.365649437331121	0.631432254875202	0.00061455782197351	0.00230374997170324	0.990941860530148	0.00445739218848874	0.00460074728136343	0.994324303315196	0.00253515740537076	0.00314053927943318	0.868695355481872	0.00114940130745909	0.00182857434783794	0.128326668862832	0.814638669006204	0.00936155035712076	0.00163760694443897	0.174362173692236
0.889074659926804	0.0964164193244111	0.00971815512546651	0.00479076562331807	0.855281340781995	0.0652002309414124	0.00946655523878042	0.0700518730378125	0.341758065349593	0.651262394509682	0.00347627060440708	0.0035032695363175	0.997057297909343	0.000840261800512009	0.00210244029014449	0.996646064063752	0.00334045664353101	1.34792927170266e-05	0.865047267569793	0.00351329530685101	0.00894498171183864	0.122494455411517	0.813404985697093	0.0102666199274594	0.000556287732533989	0.175772106642914
