0.904300259148977	0.0670666276998085	0.00853154400874246	0.0201015691424723	0.901520174092543	0.0495754086498507	0.00953835300579922	0.0393660642518068	0.426340933051216	0.566954599217562	0.00501951652986104	0.00168495120136076	0.979795987044226	0.0095424020703803	0.0106616108853941	0.985035786247964	0.000760901794652845	0.0142033119573828	0.853887630646914	0.0162330495842045	0.0116254309534567	0.118253888815424	0.867812109053493	0.00736637447765674	0.000806388741527878	0.124015127727322
0.883311228680674	0.0773984206438032	0.00952642075405434	0.0297639299214689	0.90158216558909	0.048261418275304	0.0142835797069415	0.0358728364286647	0.429932276585864	0.564480419896047	0.00378329675056526	0.00180400676752364	0.985518060905975	0.00866032954012989	0.00582160955389457	0.97978194024109	0.0015909479895509	0.0186271117693588	0.847648665043273	0.0148930119881331	0.0131389909847023	0.124319331983891	0.867204348405503	0.00962053976095642	0.000432837589289095	0.122742274244252
0.912837551681283	0.0672798561163042	0.00245098730643618	0.0174316048959764	0.908199828044813	0.0429559418381648	0.017718164631799	0.0311260654852229	0.449678094502648	0.54678204958827	0.00106516564795453	0.00247469026112799	0.984081866748754	0.00816184147171283	0.00775629177953368	0.986612543833806	0.000225304681648132	0.0131621514845455	0.849692300165164	0.0152244829329105	0.0148500745909086	0.120233142311017	0.854060104806699	0.0122908287678725	0.000381686655761506	0.133267379769667
0.900844810031553	0.0679758788453009	0.00444179591787857	0.0267375152052671	0.890996192124092	0.0518045969420413	0.0174051744393673	0.0397940364944999	0.47039439790962	0.5279460385108	0.00127776270731049	0.000381800872269762	0.9834116264264	0.00741834455011478	0.00917002902348554	0.980514292773148	0.00303101908368013	0.016454688143172	0.849874317125802	0.0205165423453976	0.0124265830753924	0.117182557453408	0.858596287604347	0.00881532003013813	0.00186731236726268	0.130721079998252
0.900335674731428	0.0679420639304805	0.0103342188231675	0.0213880425149242	0.897503727705831	0.0501457792232197	0.0176646482804066	0.0346858447905431	0.431446977726403	0.565319282509072	0.00152303762740558	0.00171070213711917	0.987916462383052	0.00600194918218952	0.00608158843475892	0.985135685852096	0.000560230971992808	0.0143040831759117	0.858254140249124	0.0152623739943627	0.00976236297308008	0.116721122783433	0.86638152778682	0.00218958652566479	0.00210491328598832	0.129323972401526
0.902018092474554	0.0726308052823094	0.0030783810994262	0.02227272114371	0.913483100295938	0.04827998778068	0.00475996407564015	0.0334769478477414	0.438943378502857	0.559582997351168	0.000900349649765235	0.000573274496209715	0.977593793550432	0.0106975674070785	0.0117086390424898	0.982627730238648	0.00205030734201232	0.01532196241934	0.861265179321225	0.0137442269412468	0.00704677389184901	0.117943819845679	0.868572894413935	0.000562489183869297	0.00635253165921308	0.124512084742983
0.899206224337702	0.0707677847423992	0.000560850779417885	0.029465140140481	0.901757582691916	0.0506981048066496	0.014569422278719	0.0329748902227156	0.459483728918594	0.53364548476728	0.00182778371062844	0.00504300260349694	0.988521738475546	0.00599424593876979	0.0054840155856843	0.97438102654814	0.00530905056035747	0.0203099228915031	0.853903476718552	0.0142289149392895	0.0149819444417621	0.116885663900396	0.867938577868005	0.000698393612656934	0.00228500031041507	0.129078028208923
0.90898549684756	0.0654252942778559	0.00515126669655273	0.0204379421780315	0.904732470014366	0.0502176470625487	0.00897358609457919	0.0360762968285057	0.445431814974002	0.552699954206005	0.00123566863192815	0.000632562188065562	0.978933739397928	0.0113826367558516	0.0096836238462201	0.984151542747217	0.000701488298369478	0.0151469689544133	0.861441444514173	0.00611355672661421	0.0103264600182843	0.122118538740928	0.869499452049037	0.00753205821786307	0.00183870544192897	0.121129784291171
0.891191165619406	0.0709338715912671	0.0111998077272247	0.0266751550621018	0.903224286734625	0.0507605272672021	0.0105042790444473	0.0355109069537261	0.454763213916032	0.543646982598706	0.000764523819906815	0.000825279665355579	0.985258053854406	0.00621616812329711	0.00852577802229697	0.983375703018191	3.87463087058462e-05	0.016585550673103	0.847591272391838	0.0206236989549969	0.0157960517647895	0.115988976888376	0.848869618145001	0.00903668304356011	0.00434496084550889	0.13774873796593
0.893976192016	0.0665365310073838	0.00934550498215703	0.0301417719944597	0.899094539473682	0.0505826807578615	0.0160109358163674	0.0343118439520893	0.457617640400149	0.534622225866377	0.000295348743895562	0.0074647849895787	0.980037857986104	0.00748173084236752	0.0124804111715289	0.984164504935676	0.00077529273293046	0.0150602023313932	0.862693295558521	0.0147527016239844	0.00979164253788387	0.112762360279611	0.869506457632622	0.00554621699876293	0.000523153551105466	0.12442417181751
0.902284356584769	0.0697368727856497	0.000807658837671339	0.0271711117919098	0.902990439086434	0.0472619248059704	0.0137465478995904	0.0360010882080056	0.425466723398271	0.570142237360246	0.00347519328803853	0.000915845953445092	0.97739915616415	0.0125664610925342	0.0100343827433157	0.98053558381973	0.00112510993101012	0.0183393062492599	0.847679745010404	0.0209937066105586	0.0126198924174602	0.118706655961577	0.863893129748473	0.00172849601238501	0.00102774230137224	0.13335063193777
0.902098498714161	0.0699783484124683	0.01078182485098	0.0171413280223903	0.892655484840725	0.0518420273337855	0.013266917769321	0.0422355700561688	0.433312346945868	0.56375486292356	0.00268300253501141	0.000249787595561205	0.985640808442396	0.00719108397140934	0.00716810758619442	0.976745617190555	0.00460528208136092	0.0186491007280838	0.858126332335887	0.0153587559447186	0.0139509418512099	0.112563969868185	0.85503951047132	0.00421549151404188	0.00223234246074334	0.138512655553895
0.894860310047357	0.0633516249531725	0.00629385230718761	0.0354942126922826	0.905946989757721	0.0507325560624939	0.0120960814441277	0.0312243727356575	0.452303188235293	0.540881703501713	0.00658052739694387	0.000234580866050416	0.985092573301932	0.00500702866290434	0.00990039803516321	0.982669611586491	0.00185828274627021	0.0154721056672391	0.858473479240466	0.0170571191204541	0.00910968809461859	0.115359713544461	0.869515636402233	0.00922793460045804	0.00251427595226891	0.11874215304504
0.893299214110544	0.0666652683637116	0.0137461149231648	0.026289402602579	0.902687285591397	0.0448797893910691	0.0170374638425587	0.0353954611749753	0.432737048764749	0.563224783132477	0.00177597647971521	0.00226219162305857	0.984164637261112	0.0102755790493201	0.00555978368956742	0.98122150827816	0.00705337157458913	0.0117251201472508	0.859584177355381	0.0150082252109177	0.0101674995036888	0.115240097930012	0.851043955359571	0.0198653269402011	0.000729504523716491	0.128361213176511
0.88403913015484	0.0815995585377975	0.0117047326166101	0.022656578690752	0.899571459771335	0.0493767573771418	0.0168706516681528	0.0341811311833701	0.423136300785813	0.569972879724341	0.0060993913301916	0.000791428159654363	0.989302179054669	0.00889821402427034	0.00179960692106118	0.979676326573379	0.00371030354676171	0.0166133698798593	0.843303689875978	0.0154949137569212	0.0117492843177182	0.129452112049383	0.859319603468745	0.01581592264302	0.00309303717646738	0.121771436711768
0.905742497074926	0.0665205699791032	0.00562926834335873	0.022107664602612	0.891258145914497	0.0494060345061094	0.0161611274012731	0.0431746921781203	0.462102535003143	0.530497376226098	0.006960794684786	0.000439294085972828	0.987146162392581	0.00521865958941239	0.00763517801800604	0.978283609666551	0.00519005579578523	0.0165263345376638	0.861950403032173	0.0161231871049946	0.013599963960291	0.108326445902541	0.874519036891918	0.00255548962046481	0.00203494994192078	0.120890523545697
0.905796840707635	0.0703601871032913	0.00485189631673369	0.0189910758723402	0.900891298095209	0.0470027991114032	0.0127897234949739	0.0393161792984136	0.444345222777987	0.54794515158628	0.000888934221054102	0.00682069141467897	0.98224899906419	0.0099045515222636	0.00784644941354609	0.97647646186011	0.00484862633445137	0.0186749118054385	0.84963627804582	0.0183548057070512	0.0156386078278563	0.116370308419273	0.858535689053531	0.00811420904221805	0.00518069096375167	0.128169410940499
0.888831469120683	0.0703655417437201	0.0150166753496832	0.0257863137859135	0.909069806936062	0.048433115563519	0.00961302806206376	0.0328840494383556	0.428532936572873	0.565826925716453	4.87565509964123e-05	0.00559138115967782	0.998359505436031	0.000101961440911552	0.00153853312305754	0.985326809022311	0.0019220494479175	0.0127511415297719	0.848951065728662	0.0176883979101024	0.0106041193682244	0.122756416993011	0.879169132542065	0.00634448483178829	0.000197699330981741	0.114288683295165
0.890405577101748	0.0684785805785604	0.00575316546894891	0.035362676850743	0.89833041274471	0.0548747469312607	0.0139854570208652	0.0328093833031645	0.433661608232705	0.560603568319134	0.00429738107629133	0.00143744237186941	0.980908566983495	0.00783853147955809	0.0112529015369471	0.97971228856951	0.00338244645530429	0.0169052649751862	0.85605239813795	0.0194659287249415	0.0108697596269308	0.113611913510177	0.859799465178827	0.00844982942703123	0.00132371901351208	0.13042698638063
0.90029709164841	0.0786861678924601	0.00404460663568975	0.0169721338234405	0.903542317361583	0.0509575071787957	0.0104096777190811	0.0350904977405398	0.457528035312864	0.539887208629724	0.00177377127550141	0.000810984781910395	0.984458358016064	0.0121092060166989	0.00343243596723673	0.984469385652056	0.00463533435857625	0.0108952799893676	0.855928909499409	0.0220227297747052	0.00987018955781909	0.112178171168066	0.851569225992862	0.0134488710383202	0.00266576738796314	0.132316135580855
0.898379095789842	0.0717710420435251	0.00697439026375226	0.0228754719028809	0.895153122678831	0.0523179665224072	0.015135677031168	0.0373932337675935	0.467837319588671	0.523103288493401	0.00692146797453721	0.00213792394339055	0.981373218703414	0.0087369759679023	0.00988980532868378	0.980818670106319	0.00192563826949546	0.0172556916241861	0.84911410812994	0.0184173676008595	0.0154225627724418	0.117045961496759	0.855325481275141	0.0120988401686253	0.000136038321138663	0.132439640235095
0.917181429697306	0.056756270664308	0.0113355294010486	0.0147267702373374	0.902873843044528	0.0507337611984652	0.0121541097442529	0.0342382860127542	0.44355056371704	0.551784504067222	0.00192840158763448	0.00273653062810311	0.992886979939415	0.00409982330964248	0.00301319675094213	0.982202030648597	0.00379240483982507	0.0140055645115775	0.847465145387694	0.0170098316532056	0.014460044353212	0.121064978605889	0.870493254840122	0.00477077558875032	0.00225876678206584	0.122477202789062
0.900477236253405	0.0722909260502678	0.00900292209112088	0.0182289156052059	0.904176810958959	0.0473649770253966	0.0138489161062018	0.0346092959094423	0.419379567410958	0.569771890709529	0.00393341555130037	0.00691512632821298	0.990829265265636	0.00703823438457964	0.00213250034978403	0.977833933114987	0.00265076686346218	0.0195153000215512	0.86763695748755	0.0203031128262586	0.0109851410155275	0.101074788670664	0.873076117300609	0.00347672126238952	0.000884708118854296	0.122562453318148
0.891532788940306	0.0712930665670165	0.0111261699561257	0.0260479745365516	0.892691060353221	0.0522221235364983	0.0144761809596412	0.040610635150639	0.462393657135184	0.533492131092457	0.00272353734525224	0.00139067442710734	0.981714515289745	0.00930868915813197	0.00897679555212264	0.985546249706821	0.00428708470878413	0.0101666655843949	0.852280598667464	0.0175567622000695	0.0141343528762571	0.116028286256209	0.869199264208014	0.0132074190582024	0.000975354713050846	0.116617962020733
0.889570144164623	0.0641918684822156	0.00626194944820967	0.0399760379049521	0.899569427711358	0.0505457208641376	0.0111116838085211	0.0387731676159833	0.428755961946441	0.558167435045035	0.0116054792564565	0.00147112375206811	0.989425336751071	0.00436970762929469	0.00620495561963411	0.978057044013341	0.000918901946727545	0.0210240540399319	0.844302654548309	0.0209250470372386	0.0110360825321727	0.12373621588228	0.866760611013145	0.00843002616365651	0.00409208819047755	0.12071727463272
0.891378438270614	0.0702945299256695	0.011973379681965	0.0263536521217516	0.90589974678846	0.0482962268867377	0.0117931323144758	0.0340108940103269	0.437751809019703	0.559230849040676	0.00139392928980216	0.00162341264981874	0.978161445252627	0.00758629001541799	0.0142522647319554	0.978015293157553	0.00429763614270872	0.017687070699738	0.854022873253217	0.0154933519273324	0.0109285366063852	0.119555238213066	0.862181953620411	0.00195079859959616	0.00421037020006431	0.131656877579929
0.894738360818402	0.0657351596131876	0.00917627804707576	0.0303502015213349	0.900329819421198	0.0516295020076346	0.0132379582126021	0.0348027203585657	0.461025970424966	0.533007320500965	0.00489783385452613	0.00106887521954281	0.980095313544532	0.00740831530378476	0.0124963711516832	0.981355818457809	0.00213971705766819	0.0165044644845232	0.847603870393235	0.0197718338099058	0.0154863819446179	0.117137913852242	0.873680974626607	0.0026414682075681	0.0027839611802566	0.120893595985569
0.901429616752982	0.0737377405509919	0.00519933249696068	0.0196333101990653	0.893271057965502	0.0478493869006623	0.0166737387641341	0.0422058163697012	0.439064203037982	0.555416986124975	0.00391758648546091	0.00160122435158175	0.9793857055664	0.0126127039640555	0.00800159046954467	0.981083868224826	0.00165668208339953	0.0172594496917748	0.849623893390238	0.015792637409457	0.0161326859598573	0.118450783240448	0.867425473537439	0.00873318893375949	0.00501552748825829	0.118825810040543
0.88278371713397	0.0811117204483697	0.00739256396618819	0.0287119984514726	0.89624716062991	0.0572361470245076	0.0152622305399753	0.0312544618056068	0.416902284951463	0.573411920922139	0.00297148274042341	0.00671431138597414	0.984840162994259	0.00804620457403759	0.00711363243170331	0.976931483109463	0.00652942036645981	0.0165390965240777	0.858489256239991	0.0175399393511698	0.0120503144685832	0.111920489940256	0.877188070303684	0.00503044750121026	0.000928495385305751	0.116852986809801
0.916282187945908	0.0636609286757003	0.0102456016197842	0.00981128175860756	0.89929472509713	0.0477678288710122	0.0178935434060116	0.0350439026258463	0.449402528877766	0.545819688352108	0.0043356544529947	0.000442128317131441	0.987966772677605	0.00994484378522596	0.00208838353716915	0.981359474317328	0.00132595719514094	0.0173145684875308	0.851862942455382	0.0162906155134727	0.0125425870846205	0.119303854946525	0.872743355324654	0.000750329820935635	0.00221415035197052	0.12429216450244
0.898604452994716	0.0668834912269406	0.00806067656533066	0.0264513792130126	0.900966629275479	0.0510816555674688	0.01770988607079	0.0302418290862619	0.432986282324104	0.555849862465372	0.0071644756039321	0.0039993796065915	0.992216510584595	0.00547115512637104	0.00231233428903432	0.984219852598096	0.00216350527461916	0.0136166421272847	0.856820654051988	0.0126439870982883	0.013898883812758	0.116636475036966	0.86821854452909	0.000373528319518442	0.00430403627652691	0.127103890874864
0.907415733334549	0.0700886750036937	0.0109518811664793	0.0115437104952779	0.911643401700559	0.0429804030893072	0.01255285143183	0.0328233437783036	0.475900033548701	0.518245516934366	0.00298168238046053	0.00287276713647267	0.987558517984616	0.0102157237117473	0.00222575830363642	0.979948936004189	0.0022638729185486	0.0177871910772619	0.84520041843068	0.015877426210854	0.0132980976939569	0.125624057664509	0.869915840490368	0.0016527994348957	0.000227957795037103	0.128203402279699
0.883675168538932	0.06863153874456	0.00677441178382455	0.0409188809326832	0.902477719500325	0.054982783134692	0.0095993559534868	0.032940141411496	0.438935946736083	0.555707839048485	0.00421633672364423	0.00113987749178844	0.980637129994005	0.00995884950179178	0.00940402050420289	0.984215216808491	0.000917798734874443	0.0148669844566343	0.851795700785672	0.0183789580591994	0.0121476745484519	0.117677666606677	0.862752424226378	0.00952562819032213	0.00400107679076179	0.123720870792538
0.897722520402923	0.0664259707496045	0.00620226067779268	0.0296492481696799	0.89739406942066	0.0533201301980235	0.0161332569367587	0.0331525434445575	0.463099256149982	0.535500288533718	0.000625103298364688	0.000775352017934937	0.989895441941103	0.00748850735427207	0.00261605070462504	0.975954431194707	0.00339980105906279	0.02064576774623	0.849977804421899	0.0168002694597892	0.015494802710089	0.117727123408223	0.861611901070028	0.0169825253155997	0.000143583364758203	0.121261990249614
0.915334030343358	0.0651581965681576	0.00657740625705911	0.0129303668314256	0.902008912077629	0.0459154993134638	0.0127468543192629	0.0393287342896442	0.4404079810055	0.553402007105939	0.00296321974306797	0.00322679214549244	0.991342341159133	0.00706304568697511	0.00159461315389139	0.97923367959703	0.00138056664771794	0.0193857537552525	0.856628746398782	0.0163895604855831	0.0166635224510931	0.110318170664542	0.868336556370364	0.000450379795312065	0.00317259314382011	0.128040470690504
0.906625483236831	0.0735014259241951	0.00982107867404276	0.0100520121649313	0.904970386747152	0.0465628908885634	0.0168749102813569	0.031591812082928	0.442424881473066	0.552260148730591	0.000538636017528347	0.00477633377881476	0.983198444330013	0.00867499723552766	0.00812655843445929	0.981100943783532	0.00132824579648968	0.017570810419978	0.854559701232803	0.0124154333640878	0.00523465202383607	0.127790213379273	0.868221939384575	0.00224893249924301	0.00195950274916398	0.127569625367017
0.896442609502528	0.071470800317498	0.00906339777413505	0.0230231924058396	0.893325029566392	0.0514274856110786	0.0180814166506382	0.0371660681718913	0.426617495526132	0.569934042370874	0.00122099067433196	0.00222747142866206	0.990280028249216	0.00485190698762823	0.00486806476315603	0.985139472976	0.000271276055316374	0.0145892509686841	0.852709339494268	0.0129582663898702	0.0127492521456388	0.121583141970223	0.867396156574314	0.0088879870691351	0.00401158518979141	0.119704271166759
0.89724199300717	0.0590419039141081	0.00860568868689566	0.0351104143918261	0.901834045214552	0.0493542987305618	0.0122518654193647	0.0365597906355212	0.458063285251382	0.533734100736736	0.00744135408116862	0.000761259930713696	0.988662375390402	0.00515799254807224	0.00617963206152582	0.980872620523512	0.00126479401095232	0.0178625854655362	0.858048330060245	0.015031489670036	0.0101211006370223	0.116799079632696	0.871936216985615	0.00822975017804621	0.0011549589660441	0.118679073870295
0.889695277734071	0.0640538681787925	0.00908250298955391	0.037168351097583	0.896925877356557	0.0538197274413562	0.0106417869064478	0.0386126082956394	0.440873434743641	0.556426534701038	0.000649885580901154	0.00205014497442018	0.988520460617259	0.00390796411299606	0.00757157526974479	0.98271385548698	0.000858811678309517	0.0164273328347101	0.856190971567362	0.01535664176207	0.0131437518583249	0.115308634812243	0.868166860530648	0.00457630701496448	0.0040914356478596	0.123165396806528
0.893688610454983	0.0674065452653	0.00717658231829506	0.0317282619614221	0.898312956827834	0.0521251695410605	0.0169740231638098	0.0325878504672955	0.421489882770142	0.575099918896508	0.00334623450696286	6.39638263869201e-05	0.985870552862477	0.00685614055876579	0.0072733065787571	0.976813751509277	0.0036898463562578	0.0194964021344649	0.858435481912957	0.0113562162563962	0.0137593110877284	0.116448990742919	0.871826464647365	0.00550013664525234	0.00432247329875112	0.118350925408631
0.893162685418175	0.0745870655330333	0.0022238018251865	0.0300264472236056	0.896524402511499	0.0487231787495496	0.013106955642377	0.0416454630965747	0.443703941028572	0.554170121819337	0.000785137585416433	0.00134079956667489	0.984473518029239	0.0106825513457765	0.00484393062498407	0.980306418159035	0.00169560000357446	0.0179979818373908	0.855028237915395	0.0193498883324982	0.00737633941275304	0.118245534339354	0.866369927236725	0.0104343750944934	0.00329247228272335	0.119903225386058
0.893960944428276	0.0673449590705092	0.0124788064523232	0.0262152900488914	0.902910483966966	0.0488079563554828	0.0129863448900101	0.0352952147875407	0.422348403698837	0.574362736800463	0.00228674552851513	0.00100211397218547	0.985390173539003	0.00842391469883027	0.00618591176216672	0.978456571832186	0.00461198609990392	0.01693144206791	0.858473215184835	0.0132932488393462	0.00930688637266148	0.118926649603158	0.857950526966684	0.0100826811423044	0.000276372699172477	0.131690419191839
0.910251011311276	0.060576165034394	0.0128416785587895	0.0163311450955405	0.910698092368495	0.0504080998005606	0.0111626530300455	0.0277311548008988	0.446502726491977	0.551252730726903	0.00202656498446634	0.000217977796653503	0.987232359953216	0.00390388046102317	0.0088637595857607	0.978420559002516	0.00101465445647885	0.0205647865410056	0.859901751555814	0.0194926911283165	0.00701791135435442	0.113587645961515	0.86245038652119	0.00944639183231659	0.00381809237231009	0.124285129274183
0.889955686094572	0.0682095611651089	0.0125637203266219	0.0292710324136971	0.901652098770033	0.0479341919375071	0.0158733079476904	0.0345404013447692	0.431732662320387	0.558440584412404	0.0048470991009621	0.00497965416624725	0.990321489372396	0.00956824800030247	0.000110262627301919	0.985227260033571	0.000350993526743231	0.0144217464396859	0.854386814842352	0.0152120906503704	0.0105330085548434	0.119868085952434	0.862120258157664	0.00455954114484846	0.00136551943747887	0.131954681260009
0.895441529651864	0.0599787530227494	0.00854790062574327	0.0360318166996428	0.898669315753461	0.0511222513803543	0.0151796540104982	0.0350287788556863	0.428490444106277	0.570013154314289	0.000403935347639392	0.00109246623179451	0.982009235233681	0.00742705810194465	0.0105637066643741	0.979848071724064	0.00182427956573149	0.0183276487102044	0.852032860258536	0.019009313674652	0.0114034622263776	0.117554363840434	0.880294104469096	0.00379792383831516	0.000344403193279266	0.115563568499309
0.895377240691039	0.061611745190257	0.012626202093392	0.0303848120253123	0.900639801780848	0.0541951692959308	0.0106994795784514	0.0344655493447694	0.462342420962757	0.530299239246602	0.00542793106637948	0.00193040872426167	0.987465038906765	0.00780694859480312	0.00472801249843216	0.979479037991234	0.00343637665835222	0.0170845853504133	0.858040720793843	0.0151391960690436	0.00953219520684927	0.117287887930264	0.868653571363669	0.00842298783048777	0.00648619768020875	0.116437243125635
0.914293046208563	0.0769079486282511	0.00599926389014799	0.00279974127303826	0.904548501014883	0.0461983947295902	0.0178960454085664	0.0313570588469602	0.436560967181298	0.557377120328747	0.00300384243917863	0.00305807005077718	0.990075019482713	0.00626254961690206	0.00366243090038434	0.981584221344526	0.000969223443985898	0.0174465552114878	0.862080321467169	0.0113012757737413	0.0177793167896543	0.108839085969435	0.862997528677075	0.011762194485561	0.000195797033499699	0.125044479803864
0.897679965328415	0.0632964912518349	0.0117561792922518	0.0272673641274986	0.905011226830367	0.0523094648097246	0.00896742430544232	0.0337118840544656	0.44605309661396	0.542863937632806	0.00752158901960284	0.00356137673363036	0.989896842344681	0.00515563725345012	0.00494752040186909	0.979156313376406	0.00185926157814754	0.0189844250454463	0.850580216367738	0.0191051104715295	0.00566178427421175	0.12465288888652	0.873690915148292	0.00731239217436546	0.000478867461264771	0.118517825216078
0.893730561444413	0.0724566776643477	0.00188432815919631	0.0319284327320427	0.902652248079747	0.0480831044182444	0.0152208231792433	0.0340438243227649	0.426583330814274	0.568373085813442	0.00392124611803008	0.00112233725425449	0.990874680683045	0.00617312933414065	0.00295218998281394	0.983370195920439	0.00210172914105205	0.0145280749385094	0.859659916458238	0.0139739800505831	0.00876728383318927	0.117598819657989	0.869339684538058	0.00340233816482849	0.00305453646649565	0.124203440830618
0.905072056566017	0.0615259153204035	0.00518013226543425	0.028221895848145	0.894040380015006	0.0497810151244184	0.0191144567789112	0.0370641480816649	0.431449022409758	0.561849670521458	0.00413982501223967	0.00256148205654428	0.992777192156795	0.00216566251108325	0.00505714533212134	0.980291050989253	0.00377379609620982	0.0159351529145369	0.859927595646955	0.0150154241775521	0.0107683016194562	0.114288678556036	0.874278887653831	0.000637215197661988	0.00201277182871675	0.12307112531979
0.898483157943049	0.0669933306619823	0.0123461428014066	0.0221773685935617	0.891253207503555	0.0520015926871094	0.0214527558359878	0.0352924439733474	0.452002063381823	0.538781424605333	0.0027552401857094	0.00646127182713443	0.979817937243085	0.0121291448378721	0.00805291791904269	0.977524982828036	0.00200708010005641	0.0204679370719077	0.855541864370099	0.0126289673179216	0.0116442157592633	0.120184952552717	0.869084890387762	0.00905400466868804	0.00508135766451184	0.116779747279039
0.892480109488177	0.0628976198280825	0.0170033915438052	0.0276188791399353	0.900736070270682	0.0461549098641306	0.0145593149538844	0.0385497049113034	0.446341577059626	0.550437774201054	0.000964163974132587	0.00225648476518721	0.986527474272992	0.00321480113148829	0.0102577245955193	0.98733918143789	0.000874127482811535	0.0117866910792985	0.853223635607859	0.0186872004654633	0.0114411386695408	0.116648025257137	0.863894618944999	0.00227708067291382	0.000523949456705038	0.133304350925382
0.913923598672519	0.0639407682047808	0.0130277298811739	0.00910790324152668	0.900978182660133	0.0514628088968442	0.0128617794523288	0.0346972289906943	0.432516936433651	0.562961918283456	0.00425489737932138	0.000266247903572124	0.98378398876742	0.00581185302671045	0.0104041582058696	0.981972510269373	0.000964436992812415	0.0170630527378144	0.843491047620396	0.0194061315597279	0.0162681942563914	0.120834626563485	0.870637843439511	0.0102350823555109	0.00519981471895903	0.113927259486019
0.911023627396083	0.0510528874005533	0.0124181225332645	0.0255053626700993	0.904168678598331	0.0474332423082914	0.0145160135170709	0.0338820655763063	0.441404516208046	0.556412876578151	0.0003665012128339	0.00181610600096929	0.98271758686005	0.00632259850082022	0.0109598146391301	0.982668538742391	0.000478196550601167	0.0168532647070077	0.866008075314637	0.0144865889210966	0.00627298886190887	0.113232346902358	0.859837703702968	0.0101394243248322	0.0019122238614315	0.128110648110769
0.886891022299219	0.0670127743826181	0.00960914447896082	0.0364870588392019	0.900944634973068	0.0531390702069032	0.0138901788300413	0.0320261159899876	0.420270132126358	0.575050402780836	0.00154411623190867	0.00313534886089803	0.984307009551492	0.00698636250786579	0.00870662794064182	0.9816819166569	0.00206925245079784	0.0162488308923027	0.862932345181333	0.0147431489148711	0.00793985437013943	0.114384651533657	0.862912835024411	0.0118554981309409	0.00681287325615394	0.118418793588495
0.899369568800158	0.0680804668501501	0.00748947716870605	0.0250604871809859	0.899299848277933	0.0507161741386705	0.0162115912787934	0.0337723863046028	0.417994907755677	0.576220176502355	0.00193664720692453	0.00384826853504379	0.985837610515903	0.00306266466344428	0.0110997248206526	0.96907475048945	0.0115141290614007	0.019411120449149	0.845322710984908	0.0159910121236104	0.0206286441099376	0.118057632781544	0.856968282035952	0.00136528918771418	0.00776527229215042	0.133901156484184
0.896597379260235	0.0656626309714519	0.00682513654843011	0.0309148532198833	0.896581136583155	0.0487226753142742	0.018733688837933	0.0359624992646377	0.442029055392942	0.550264741263842	0.00151770060548418	0.00618850273773201	0.978812007025558	0.00677495348469042	0.0144130394897517	0.98442013347704	0.00177986447721326	0.013800002045747	0.849542964888925	0.0186721518428805	0.0135965504523083	0.118188332815886	0.871151820745982	0.00715311629042164	0.00239839653641513	0.119296666427181
0.906777165416991	0.0606193134132637	0.00249141673747308	0.0301121044322719	0.902823977417294	0.0471807146512359	0.0134338037508267	0.0365615041806436	0.459394885889783	0.539741450579612	0.000859608141029094	4.05538957531114e-06	0.989374376157456	0.00670246408492112	0.00392315975762312	0.987320752519051	7.11930192312742e-05	0.0126080544617181	0.855834792693987	0.021677315097026	0.00574587820390486	0.116742014005082	0.861219251481733	0.00387180822885799	0.00432945775290163	0.130579482536507
0.904839121218132	0.0490585372011163	0.00731728307974987	0.0387850585010015	0.902853562470358	0.0486193050382824	0.0152413892630147	0.0332857432283452	0.425240077777109	0.568828315328765	0.00484564700195522	0.00108595989217037	0.980551933311047	0.00560084375164835	0.0138472229373047	0.97988797275614	0.0010094661813539	0.0191025610625062	0.84847411093084	0.0159015417298688	0.0143870151845557	0.121237332154736	0.866995628728167	0.00629333207417387	0.00143984001847742	0.125271199179182
0.897692254303679	0.0600977383998175	0.0136328067985173	0.028577200497986	0.893563487462031	0.0498718729487644	0.0187891894371539	0.0377754501520513	0.451002763123339	0.545262184901983	0.0012710357193858	0.00246401625529185	0.983514471696698	0.00531283359424695	0.011172694709055	0.975429328379295	0.00395540425983706	0.0206152673608683	0.847293348181811	0.0157249700476586	0.0126864166596899	0.124295265110841	0.860008915835221	0.00564128541008154	0.00352203502754631	0.130827763727151
0.917521757403707	0.0593436715363936	0.0143705086284113	0.0087640624314879	0.902523886501564	0.0459107610839148	0.0132243020878706	0.0383410503266508	0.423637021011835	0.571030962508396	0.00379866406949114	0.00153335241027823	0.986012231132093	0.00472825794012429	0.00925951092778317	0.979530709049215	0.00318267452768052	0.017286616423104	0.853423158793126	0.0218315848572035	0.0107048895049067	0.114040366844763	0.871612840942168	0.0112914514833943	0.00194214246950873	0.115153565104929
0.908018662895331	0.0618894900178996	0.00887284832312774	0.0212189987636421	0.896516328482525	0.0513220066667529	0.0142496825701053	0.0379119822806167	0.429647209982958	0.566009132019807	0.000265690704314038	0.00407796729292069	0.985296705774442	0.0117788500158267	0.00292444420973109	0.980734463494731	0.00216685900087073	0.0170986775043981	0.859989178537865	0.0112374934360334	0.0151226000296027	0.113650727996499	0.857759831000928	0.00842977077401335	0.00947435447224063	0.124336043752818
0.901289112673631	0.0614272748947763	0.00737653053621576	0.0299070818953768	0.896449766911624	0.0517184175020929	0.0135424881749038	0.0382893274113794	0.442021916684539	0.546029950690975	0.00852276793582904	0.00342536468865723	0.988163613799518	0.00289506648817846	0.00894131971230394	0.987084779791276	0.000293755284333141	0.0126214649243905	0.868728529051943	0.0156564923635913	0.0053785252595202	0.110236453324946	0.859166036816152	0.0131714092527704	0.00195246727043691	0.125710086660641
0.908921141962629	0.0581140519211162	0.0136467829186499	0.0193180231976051	0.901045608704154	0.0504506707592116	0.0140115502295589	0.034492170307076	0.433736643121832	0.562085803808397	0.00308382520748198	0.00109372786228856	0.992226876742137	0.00634615965910689	0.00142696359875595	0.983663523661203	0.00270870994899803	0.0136277663897984	0.856826986487261	0.0105673898998941	0.0151788750515641	0.117426748561281	0.866490902768213	0.00780211057536366	0.00313890134795627	0.122568085308467
0.898835441199676	0.0669234273881413	0.00236277701895077	0.0318783543932319	0.889254743033911	0.0545587438080722	0.0161225821120732	0.0400639310459437	0.451593654814744	0.543357719138991	0.00129836546427339	0.00375026058199115	0.985401988598863	0.0055811449641476	0.00901686643698912	0.98157525692884	0.0026495212280762	0.0157752218430842	0.861071162879642	0.0136573268472877	0.00757988368375474	0.117691626589316	0.867620061263072	0.00238389621053911	0.00189941145044822	0.128096631075941
0.892655285406665	0.06296760356522	0.00741629857173661	0.0369608124563781	0.902523360459968	0.0473525094584267	0.0163986156350459	0.033725514446559	0.464446262010321	0.531602355372435	0.00199038714940661	0.00196099546783781	0.990076202425564	0.00509578089040889	0.00482801668402663	0.980028028975179	0.00462894327449955	0.0153430277503211	0.85697399047377	0.016197175712827	0.0116514776593699	0.115177356154033	0.880231907360764	0.0031488462381143	0.00471039383210147	0.111908852569021
0.903046046112083	0.0718233418924766	0.0100119293026247	0.0151186826928155	0.902374116935617	0.0496935755826511	0.0119954931745707	0.0359368143071617	0.447542046113582	0.548427410659409	0.00228226993478539	0.00174827329222379	0.98878196713661	0.00207474526274661	0.0091432876006437	0.983024661682514	0.00146524693163058	0.0155100913858553	0.860836284131217	0.00921305492246788	0.0148908862538555	0.115059774692459	0.870034151691237	0.00690502831689304	0.00349616934781721	0.119564650644052
0.891653947384872	0.0794453800302503	0.00938072416813295	0.0195199484167452	0.908628807268661	0.0536489843673057	0.011412390031678	0.0263098183323556	0.441172992360789	0.558108704283609	0.000569156923502496	0.000149146432098878	0.985349116074174	0.00757791677725952	0.00707296714856707	0.975428142670162	0.00320143708395686	0.0213704202458817	0.862937962432553	0.0118364745017554	0.0105452839749738	0.114680279090718	0.86005177779645	0.00831408505031903	0.00120948279800507	0.130424654355226
0.911628600946118	0.0725865295391478	0.00705001569823426	0.00873485381649987	0.900234583076729	0.0571757572147389	0.0110250755585903	0.0315645841499416	0.458118794705569	0.532915267439238	0.00496759040447475	0.00399834745071799	0.993083451401489	0.00471101021167159	0.00220553838683982	0.979853893941967	0.00383696882000451	0.0163091372380288	0.848757692263584	0.0231526766045158	0.0117669761982259	0.116322654933675	0.859343767640887	0.00850594631776579	0.00250568065630094	0.129644605385046
0.894896440491663	0.064806851174331	0.00441906166705411	0.0358776466669515	0.907150854077046	0.0480904428956661	0.00627911717951585	0.0384795858477726	0.441211366294902	0.550052208638975	0.00533368916067008	0.003402735905453	0.98867923721964	0.00396035236911272	0.00736041041124687	0.978536031325688	0.00261050517519507	0.0188534634991174	0.863038396702029	0.0193685801340233	0.00915686980073549	0.108436153363212	0.860824788821231	0.000301575696211316	0.00198720654283622	0.136886428939721
0.892394896868452	0.0649784533797275	0.00778331969673945	0.0348433300550815	0.898205169956416	0.0488848895992269	0.0131225500848871	0.0397873903594696	0.443382463011646	0.547988678464074	0.00652215413913766	0.00210670438514207	0.983500821562689	0.0063591219935147	0.0101400564437965	0.974104124243651	0.00351837140755004	0.0223775043487994	0.859472968073463	0.0151517456107987	0.00916599182497636	0.116209294490762	0.870003067103045	0.00557470726255891	0.00135564855195216	0.123066577082444
0.892431233098644	0.0666301200865476	0.00857527753473259	0.0323633692800762	0.901844460623372	0.0508589830938013	0.0129912965737093	0.0343052597091173	0.435636724785577	0.560412219628047	0.000952163673636993	0.00299889191273867	0.990500687598237	0.00418072416691677	0.00531858823484665	0.978743269922589	0.00502725148218113	0.0162294785952294	0.854508570769732	0.0159568634348904	0.0123341225155734	0.117200443279804	0.864634190954485	0.00965545913232818	0.00217437008888388	0.123535979824302
0.911251166499434	0.0662390059450511	0.00580882397298707	0.0167010035825282	0.907384306715492	0.0489084460487548	0.00910856333876327	0.0345986838969898	0.461798453557121	0.530888189059604	0.00601267056271496	0.00130068682056047	0.986502174591884	0.00424107033444106	0.00925675507367531	0.980637543321687	0.00620903149060355	0.0131534251877095	0.855793548424535	0.0172568847001273	0.00834058272990056	0.118608984145437	0.854273309784913	0.0141492679724717	0.00343907766055861	0.128138344582057
0.910679597028162	0.0633976718062689	0.00881359924708147	0.0171091319184872	0.895085315612523	0.05038846095301	0.0168464361041796	0.0376797873302869	0.445187257359714	0.54326148568325	0.00369002286385327	0.0078612340931832	0.981728534062527	0.00967948170632454	0.00859198423114844	0.980153357104494	0.00364386736645301	0.0162027755290532	0.860113190218755	0.0109115727806622	0.0175686928904376	0.111406544110145	0.864449729816654	0.00583847662798932	0.000423381929512719	0.129288411625844
0.886508512047026	0.0708755510231005	0.00899694301778451	0.0336189939120887	0.893121427523108	0.0540911523322328	0.0175871947485821	0.0352002253960771	0.453418199562507	0.540504207428236	0.00478942373478081	0.001288169274476	0.992459151639652	0.00495386216352383	0.002586986196824	0.975128420665327	0.0043040966279494	0.0205674827067231	0.852239232356516	0.01833781503374	0.0120019600925249	0.117420992517219	0.85704962660229	0.015186452733305	0.00029779198236261	0.127466128682042
0.893659467513922	0.0652969705438474	0.00607257156643287	0.0349709903757977	0.894876330116744	0.0499707162706371	0.0156073264383875	0.039545627174231	0.448020132450778	0.547315310242628	0.00185365863972708	0.00281089866686638	0.988007493675148	0.0060597745498857	0.00593273177496633	0.977438504182028	0.00213680060158575	0.0204246952163864	0.854891230298541	0.0143926778224257	0.0123563728360699	0.118359719042963	0.872617550288411	0.0080380303918295	0.00492955738012404	0.114414861939636
0.905933451475863	0.0587189992991388	0.00918648606590448	0.0261610631590934	0.902777808811929	0.0472400435821661	0.0148577977870166	0.0351243498188878	0.453075636579032	0.543858465702044	0.00169136239216462	0.00137453532675924	0.982703721124118	0.0119871523922399	0.00530912648364216	0.980172251303617	0.00148418223486025	0.0183435664615227	0.861906286643275	0.0173843157366736	0.00383501303084939	0.116874384589202	0.871320029298771	0.00485252511666278	0.00264138459001055	0.121186060994556
0.877976192874834	0.0641606257579627	0.0118689199686116	0.0459942613985912	0.908359998141996	0.0454017252453054	0.0128989700940963	0.033339306518602	0.416886714425002	0.576965031819525	0.00267237796875582	0.0034758757867178	0.985211582931694	0.00380177768123673	0.0109866393870688	0.978202055491697	0.00359464556829523	0.0182032989400078	0.858499324366726	0.0121307382353934	0.0112773584341161	0.118092578963765	0.854837371776465	0.0122054454256137	0.00308014118215862	0.129877041615763
0.893890648465029	0.0774243676227311	0.0028524507661775	0.0258325331460626	0.901688496429928	0.0495715690724237	0.0157384603480837	0.0330014741495646	0.451313847234635	0.542637345621106	0.00551796857426446	0.000530838569994033	0.983923066725754	0.0122484313217481	0.00382850195249821	0.987240099832801	0.000624756715983607	0.012135143451215	0.847531315623933	0.0168823106900822	0.014619120106701	0.120967253579284	0.854136108364615	0.00656489467493546	0.00327467652523143	0.136024320435218
0.906379507932819	0.0642706210255289	0.0117560843453369	0.0175937866963156	0.899107612902857	0.0493277186801672	0.015140257990607	0.036424410426369	0.44184968696447	0.552970343690751	0.00147407160593497	0.00370589773884423	0.978696519939115	0.00967202697719369	0.0116314530836909	0.982925037288186	0.000207085818824375	0.0168678768929901	0.859872260484424	0.0141809347438786	0.01166452588297	0.114282278888727	0.871580392128298	0.0067897249274849	0.00233173572905472	0.119298147215162
0.89742649542606	0.0574790603224971	0.0121718954842472	0.0329225487671955	0.894448678535736	0.0533261363724142	0.0156232438207489	0.0366019412711011	0.490237850553091	0.505613586056587	0.00208837291038742	0.00206019047993493	0.989101511353599	0.00263300713975709	0.00826548150664382	0.979487055104803	0.00242727689323835	0.0180856680019583	0.854493765275822	0.0165766646720775	0.00919048627885592	0.119739083773245	0.874874845516802	0.00196591770133097	0.00157015828790077	0.121589078493966
0.899176445180333	0.0693472832996441	0.00874975799328339	0.0227265135267392	0.896028660138463	0.0528359925596715	0.0175552843108473	0.0335800629910179	0.436482145929677	0.551433056956375	0.00674574676602809	0.00533905034792047	0.986657716529214	0.00377263704657435	0.00956964642421166	0.984166309083905	0.000636457172808681	0.0151972337432862	0.848362594357563	0.0160677100668583	0.0122165880669818	0.123353107508596	0.868251335127517	0.000221660721390924	0.00413487886842931	0.127392125282662
0.905824991757379	0.0635655699655834	0.00600946647508942	0.024599971801948	0.909965052921581	0.0448983944161779	0.0112847931436616	0.0338517595185793	0.429277617854346	0.561701317179231	0.00485452483659497	0.00416654012982809	0.981332334784618	0.00841212134409604	0.0102555438712861	0.97532958666798	0.000807738527110777	0.023862674804909	0.857812779906243	0.0170581435152946	0.00931698644272565	0.115812090135737	0.8580127410752	0.00329182268152926	0.00214427290037517	0.136551163342896
0.891906092171818	0.0679552709997818	0.00948617345418668	0.0306524633742139	0.891795304045465	0.052485218289993	0.0184517782081068	0.0372676994564348	0.429802027522958	0.567357321021003	0.000704080114120501	0.00213657134191783	0.985550369166612	0.00842447194107088	0.00602515889231722	0.983745314164753	0.00500613979906503	0.0112485460361821	0.85244037058398	0.0191721372209973	0.0111218135984708	0.117265678596552	0.863960638655204	0.0102225345182919	0.00733236200168875	0.118484464824815
0.898780171050505	0.0656841346388678	0.00855595360224609	0.0269797407083815	0.894964466368171	0.0488325201460957	0.0131897589090234	0.0430132545767099	0.429651707327742	0.560017044717662	0.00726065424111997	0.00307059371347643	0.992812299228234	0.00706813200471322	0.000119568767052759	0.983731013612215	0.00167190370256555	0.0145970826852191	0.863689007602083	0.0153210202536133	0.00992906037346009	0.111060911770843	0.869932882137346	0.00270267994298714	0.000290384606828843	0.127074053312838
0.889078581211069	0.064277256481168	0.0107560369638411	0.0358881253439217	0.893224435257104	0.0547852085502698	0.0193456626793651	0.032644693513261	0.447829985890749	0.543616919053398	0.00595597244553592	0.00259712261031709	0.985179992218127	0.00878768213087282	0.00603232565100006	0.983739744373805	0.000146062822430467	0.0161141928037647	0.859466206923541	0.0138233916554945	0.0118788574027166	0.114831544018248	0.854450024932762	0.00876798419552216	0.0050018183846036	0.131780172487112
0.902347175255845	0.0659717102894009	0.013407090731216	0.0182740237235379	0.900634971124637	0.0501781603470005	0.0110144056656827	0.0381724628626795	0.449036614200115	0.549579202588871	0.00122680613871595	0.000157377072297888	0.986278928956844	0.00567996667592337	0.00804110436723273	0.980856832824678	0.000822262195632116	0.0183209049796902	0.854853419770283	0.015297730084595	0.00847837648883609	0.121370473656286	0.865398497598068	0.00214087521125414	0.00484465407380449	0.127615973116874
0.913186163142137	0.0773711122308068	0.00195572724448459	0.00748699738257163	0.901028094968114	0.0506894248688898	0.0130671541510072	0.0352153260119886	0.468755078669785	0.523872327283814	0.00403127042504914	0.00334132362135166	0.986903656845592	0.00742108150193061	0.00567526165247745	0.977675713638915	0.00164954659413111	0.0206747397669542	0.86235211083078	0.0147060906920783	0.0104017725296203	0.112540025947522	0.855231518692239	0.0116386060442889	0.00519278375088695	0.127937091512585
0.889614368261198	0.0630837173535935	0.0103653176581222	0.0369365967270864	0.908631661016521	0.0453038715166574	0.0140771269453186	0.0319873405215031	0.425656378851845	0.57290869336343	0.000958652183325857	0.000476275601399822	0.988676067372387	0.00528690388651054	0.00603702874110283	0.977971261081992	0.00439721656282987	0.0176315223551779	0.854489539507182	0.0168074394455686	0.009204138640782	0.119498882406468	0.867878449121127	0.00823150539204391	0.0014154800512515	0.122474565435577
0.897785321370268	0.0726408177270688	0.00845126279007887	0.0211225981125846	0.897647171692263	0.047005557001859	0.0172665300306713	0.0380807412752066	0.458441508323376	0.535104250998714	0.00186267735598633	0.00459156332192448	0.984154343297809	0.00730670243749042	0.00853895426470038	0.98040314281325	0.00234820129465983	0.0172486558920904	0.852085432892175	0.0201463200376172	0.0151053144399883	0.11266293263022	0.872450540453361	0.00395928096113799	0.00368065095719436	0.119909527628307
0.890936451601464	0.0689474915560639	0.00477936799718466	0.0353366888452871	0.895298294715164	0.0545606219199821	0.0145679050740859	0.0355731782907679	0.433057673788223	0.563430823423866	0.00284061312162359	0.000670889666287652	0.988577383689881	0.00705777193377081	0.00436484437634778	0.985079513115875	0.000104356446906715	0.0148161304372185	0.856855603906287	0.014240737682019	0.0125430149002284	0.116360643511466	0.856174218417042	0.0137399131705246	0.00286862434698558	0.127217244065448
0.892153822841838	0.0704602566521807	0.0123136787059239	0.0250722418000573	0.901409428458567	0.0488262760605891	0.017150936879971	0.0326133586008732	0.420640857232415	0.574007000968397	0.00449192761392683	0.00086021418526137	0.99142837883203	0.00223695627852453	0.00633466488944571	0.985845061923708	0.00166454672693495	0.0124903913493569	0.851033625348898	0.0164927977046246	0.0187835613754822	0.113690015570996	0.874854264724328	0.00425363823211045	0.00119264383232178	0.11969945321124
0.890900897144193	0.0664770992617322	0.00581314580280441	0.0368088577912709	0.890893172018395	0.0532836422315039	0.0200798288337056	0.0357433569163959	0.414217174469701	0.577875565284211	0.00301648000417181	0.00489078024191625	0.989796613201121	0.00764683419336483	0.00255655260551414	0.984818498951661	0.00289710508520628	0.012284395963133	0.863020920659721	0.0148908853503714	0.00740708801886007	0.114681105971047	0.862888362111211	0.00369501919398154	0.00328498855433151	0.130131630140476
0.877589165444244	0.0662030898810438	0.00955273241114173	0.0466550122635708	0.895904183064173	0.0500362248508994	0.0182683052638222	0.0357912868211057	0.422154798610922	0.573142275259969	0.00212142136268377	0.00258150476642618	0.987292604566824	0.00820882353993625	0.00449857189323964	0.979069386002083	0.00110999376865942	0.0198206202292575	0.852412641671889	0.0152953248426648	0.0111036063736902	0.121188427111756	0.866720561960724	0.00896118655584785	0.000640382707903231	0.123677868775525
0.905392785727323	0.0654379743775608	0.00834727550874106	0.0208219643863751	0.900437051850214	0.0484790452245443	0.0158804815573868	0.0352034213678553	0.43475772684105	0.557789513767032	0.00247842301718554	0.00497433637473186	0.98684262788428	0.0103741226832248	0.00278324943249509	0.980905946975603	8.67033123422165e-05	0.0190073497120548	0.857032005851171	0.0126639218353842	0.00890019307153239	0.121403879241912	0.866148691562155	0.00461349649436017	0.00378332122400257	0.125454490719483
0.908239509499371	0.0570429067728479	0.00787023498507789	0.0268473487427026	0.902959988387927	0.0526036413218807	0.0105651079086993	0.0338712623814933	0.390907661650009	0.601021479905685	0.00436365546384815	0.00370720298045813	0.990554771894294	0.00561297997115757	0.00383224813454807	0.97860549840293	0.00411055006074737	0.0172839515363228	0.848021563563105	0.0165790369312757	0.0134818819136039	0.121917517592015	0.875597544121876	0.00311198515721696	0.00253132745283081	0.118759143268076
0.908064030936363	0.0579987081204428	0.00686764457172128	0.0270696163714731	0.90023438354455	0.0522697836801754	0.0144056793158109	0.0330901534594633	0.460639183511872	0.532982464549231	0.00350032517626976	0.00287802676262722	0.991953739626182	0.00402718410003515	0.00401907627378257	0.977592396561526	0.000810062232009351	0.021597541206465	0.845603504204713	0.0211393868514797	0.00556011823430168	0.127696990709506	0.854970167368327	0.00721451217350236	0.00463076658005348	0.133184553878117
0.873058187101347	0.0680449855153337	0.0143364259178478	0.0445604014654716	0.90586909044243	0.0471384540354287	0.0164326377720217	0.0305598177501197	0.422157699595313	0.563046789669542	0.00522136225005655	0.00957414848508812	0.982457304399049	0.0071321762339266	0.0104105193670244	0.975801843466222	0.00444564404709519	0.0197525124866829	0.862553808021198	0.011935677685383	0.0118293845046945	0.113681129788724	0.853515341814486	0.0140864828861024	0.000662914155947231	0.131735261143464
0.892717553649737	0.0647694364929912	0.00608704834791073	0.0364259615093607	0.89532137637631	0.0487385363304775	0.0157793430046472	0.0401607442885649	0.438575149027002	0.553704253983948	0.00346409147414032	0.00425650551490987	0.990709919601912	0.00597323425864752	0.00331684613944008	0.979216238645071	0.00148099098076614	0.019302770374163	0.859186863063599	0.0183797432214886	0.0130905905428256	0.109342803172086	0.853849188532258	0.0139034776584433	0.00205372952734813	0.130193604281951
0.880822973185209	0.0705953546073647	0.0140141655051588	0.0345675067022671	0.903447115762848	0.0473022578606533	0.0144206940373854	0.0348299323391131	0.417576899325375	0.573786806473523	0.00293941494860469	0.00569687925249691	0.984447718520313	0.00627095599639113	0.00928132548329633	0.986939431688107	0.00185895916682744	0.0112016091450651	0.858276909254774	0.0185041823310956	0.0131313092628001	0.11008759915133	0.87008663990336	0.00988511416650377	0.000439595114986564	0.11958865081515
