0.854172019264892	0.0855219280337759	0.0154964119308199	0.0448096407705125	0.897501796371304	0.0541374323251921	0.00997359015095485	0.0383871811525492	0.483549263977879	0.510732203089281	0.00270330999971672	0.00301522293312286	0.982756735288985	0.0029325639679709	0.0143107007430442	0.982741159106706	0.00284176600918135	0.014417074884113	0.935227290208066	0.00496746706935829	0.00372245073926447	0.0560827919833111	0.867300228021315	0.00584774164728464	0.00241355740918942	0.124438472922211
0.854889127635465	0.0901108667130523	0.00328343611970953	0.0517165695317734	0.890660870642654	0.0555480498239235	0.0142769467354551	0.0395141327979673	0.427900018652541	0.565667863846654	0.00122634953200238	0.0052057679688034	0.987266314545925	0.00163379575499766	0.0110998896990771	0.981145000365848	0.00510303807098315	0.013751961563169	0.934678683100979	0.010974550981389	0.00144879951537483	0.0528979664022567	0.858360571024382	0.00463043880115182	0.00423982405231299	0.132769166122153
0.855199968953339	0.0815135559537347	0.0173003599432289	0.045986115149697	0.903089747081901	0.0512874035200561	0.00985881186517622	0.0357640375328665	0.464263534546857	0.530225965414025	0.00114161910367197	0.0043688809354459	0.995179460055179	0.000610103185551604	0.00421043675926933	0.983009593943576	0.00245273102020273	0.0145376750362217	0.937441659215996	0.00806363534691391	0.00166259864478277	0.0528321067923075	0.855361311578659	0.0107064154545844	0.000532148011538884	0.133400124955218
0.844806364644848	0.083919768959979	0.0170675741007407	0.0542062922944328	0.897632083723884	0.0512122954074544	0.0105936844117911	0.0405619364568709	0.454915441014155	0.534663782420255	0.00349537909646015	0.00692539746912969	0.980087339283609	0.00364805598870296	0.0162646047276883	0.983548426255556	0.000761874444674862	0.0156896992997686	0.940210242806811	0.00414299063968009	0.000855642303772683	0.0547911242497365	0.862263894364995	0.0109564452691808	0.00173516540528439	0.125044494960539
0.839103443439973	0.0905200176638853	0.0130703031246124	0.0573062357715297	0.901107248655582	0.0526628211530652	0.0129006318966442	0.0333292982947083	0.460518922823005	0.538558116591232	0.000812625264810382	0.000110335320952666	0.979766790556766	0.00308566200526981	0.017147547437964	0.976457487739092	0.00310739459930586	0.0204351176616023	0.930430545880669	0.0107937725220092	0.00675080880845222	0.0520248727888697	0.859677998117065	0.0105681884974256	0.000335704937380814	0.129418108448129
0.852793330895527	0.0871016047824819	0.00765728930522842	0.0524477750167625	0.903940981323027	0.0427229928596335	0.0139630748421749	0.0393729509751642	0.430892401560873	0.564303387303454	0.00357692105530377	0.0012272900803692	0.993020919957069	0.00321949046933549	0.00375958957359596	0.978457695409153	0.00487876117569868	0.0166635434151488	0.934009408925265	0.0108904084536731	0.00552913156379807	0.0495710510572641	0.887066092471751	0.00277534871046894	0.000117408307180415	0.1100411505106
0.840545682414269	0.0848145016546267	0.0201978840031408	0.0544419319279636	0.900734684222699	0.0496253179345694	0.0121372398883198	0.0375027579544117	0.421491702504063	0.570189113845208	0.00470744171217816	0.00361174193855165	0.989139105867223	0.0025769379305286	0.00828395620224881	0.977876545468125	0.00431953663482014	0.017803917897055	0.932978396762469	0.0137539960976458	0.00112016565785817	0.0521474414820272	0.866112577464029	0.00383032536251045	0.000779483916452295	0.129277613257008
0.852782760255081	0.085372944454081	0.00998671650708735	0.0518575787837504	0.908568997590304	0.0472370618169996	0.00442090787556247	0.0397730327171335	0.449891243586572	0.547096329422351	0.00260862847874094	0.000403798512335652	0.98745891034322	0.00145603544134106	0.0110850542154388	0.983302125548289	3.03833887721732e-05	0.016667491062939	0.939433768307129	0.00323286437335574	0.000292097956384044	0.057041269363131	0.852990436751882	0.00477755421493148	0.00386142174759439	0.138370587285592
0.842402852976668	0.0883507843562547	0.0159356704589815	0.0533106922080961	0.897040903791594	0.0541409493887776	0.0143628236876797	0.034455323131949	0.451746199509601	0.545771285531651	0.000656940278176715	0.00182557468057166	0.991327676105429	0.00163508324827419	0.00703724064629682	0.981609718587051	0.00223584503161877	0.0161544363813307	0.938291716586969	0.00332174788088639	0.00265959446939913	0.0557269410627456	0.860926656742348	0.0193071594589562	0.0057138656016022	0.114052318197094
0.848833274685323	0.0760672564686122	0.0228059866469982	0.0522934821990663	0.903734049006814	0.0451723731785465	0.0125827556320284	0.0385108221826108	0.431959743450905	0.566699585490639	0.000684166997621807	0.000656504060834405	0.994973986433357	0.00334515199457901	0.00168086157206383	0.981827336370666	0.000692267819539806	0.0174803958097942	0.934486050718146	0.00360797860672137	0.00544445739427348	0.0564615132808591	0.888403767897721	7.54626645025074e-06	0.00294708168253171	0.108641604153297
0.86222682656302	0.0773879670153008	0.0112150189207697	0.0491701875009099	0.903991901967173	0.0476694467234849	0.0133261289429616	0.0350125223663803	0.439811825161262	0.554543638443984	0.00129295962273973	0.00435157677201386	0.992365605905064	0.00428726699181651	0.00334712710311957	0.979299245537664	0.00272140402918463	0.017979350433151	0.937585783825202	0.00148487134825408	0.00359236647982201	0.0573369783467218	0.861083846844432	0.00169647221685812	0.00345665407605649	0.133763026862653
0.860172993281981	0.0748733524517989	0.009094629916932	0.0558590243492883	0.895676759793645	0.049003849000456	0.0144975545507216	0.0408218366551774	0.447132942220941	0.548871685348294	0.0035455499735922	0.000449822457171907	0.988290954531975	0.000989329670918545	0.0107197157971064	0.97959211047062	0.0043092105607167	0.0160986789686636	0.931816886079295	0.0113759249960775	0.00632148010857277	0.0504857088160546	0.859380641042329	0.0107951203943212	0.000769978176492866	0.129054260386857
0.859269747306979	0.0864673169829261	0.00940966766252293	0.0448532680475722	0.89863551900972	0.0539274966091167	0.013927058073869	0.0335099263072946	0.444780231490432	0.550372296212179	0.000104305960558782	0.00474316633683014	0.986657351652075	0.00130951565508083	0.0120331326928437	0.979840528694632	0.00571613973895964	0.0144433315664089	0.933345296388591	0.00851707547931888	0.00280937057369109	0.0553282575583995	0.864789742606637	0.00474283432499644	0.000300143481043229	0.130167279587324
0.860414296771424	0.0868263157379046	0.00802733230437081	0.0447320551863008	0.900101798931436	0.0527050817434098	0.0125551743655286	0.0346379449596255	0.439086581821966	0.555269850938263	0.00415228372041578	0.0014912835193558	0.996955143333562	0.00297193222860675	7.29244378312167e-05	0.980113264371083	0.00288101157437477	0.0170057240545419	0.92827781271255	0.0154856200017229	0.000761380877868177	0.0554751864078594	0.866534022111943	0.0062502207515399	0.00436869863802069	0.122847058498496
0.85682761510074	0.0867764880061022	0.00971828957626147	0.0466776073168965	0.907313645345015	0.0497182741712127	0.0113648450980597	0.0316032353857128	0.444016506122551	0.547876539506595	0.00165977211965814	0.00644718225119654	0.991288699965161	0.000997521790734347	0.00771377824410488	0.98053801733154	0.00236573537377113	0.0170962472946892	0.940758737120661	0.00454293170051072	0.00462858441516684	0.0500697467636617	0.867093763262584	0.00513826456670011	0.0042302031607694	0.123537769009947
0.846973894208384	0.0841876739852249	0.0103083036483195	0.0585301281580717	0.901727074678195	0.0526626301323541	0.0120571229041606	0.0335531722852902	0.445756686092159	0.54532692365393	0.00238941471672315	0.0065269755371877	0.982625641117754	0.00878503108312	0.00858932779912571	0.980868942958102	0.00377489015470257	0.0153561668871956	0.93888930106476	0.00194325516945139	0.00476408479306569	0.0544033589727233	0.856582985377531	0.0109830164525307	0.000871841894440164	0.131562156275499
0.854894867079563	0.0798355395536422	0.0159922398468319	0.0492773535199627	0.901853113003068	0.0467132201633826	0.0155592045315761	0.0358744623019731	0.462444097644692	0.534901117200209	0.000866841536674987	0.0017879436184245	0.993607041384257	0.00393431146989525	0.00245864714584764	0.986760080863316	0.00284384962124625	0.0103960695154377	0.934496211576656	0.00790172596091113	0.00305108603399738	0.0545509764284353	0.866612632311177	0.0110135953734305	0.00213096292045885	0.120242809394934
0.827132296863503	0.0907984669972441	0.0227601440482857	0.0593090920909671	0.911522359862382	0.0458198544189778	0.00971006765984793	0.0329477180587928	0.41574502559671	0.580582116396704	0.000734268879938212	0.00293858912664801	0.990888386209103	0.00246231850283448	0.00664929528806284	0.983987916724166	0.00123605340672287	0.0147760298691113	0.937477852344062	0.00574104502594519	0.00154374952886065	0.0552373531011317	0.869488428981974	0.0141966995566309	0.000896743121403202	0.115418128339991
0.838091712475498	0.0889783691334085	0.0177344637491738	0.0551954546419202	0.894041793133789	0.0545942494964061	0.0137608508096267	0.0376031065601787	0.425065892373748	0.567771399249682	6.45187466013473e-06	0.00715625650190956	0.988729253258153	0.00141416549201677	0.00985658124983041	0.981721410049173	0.000634487580613214	0.0176441023702139	0.937581069570375	0.00907867980472586	0.0020405661034456	0.051299684521454	0.85984134393549	0.00494143635777351	0.00563104557888252	0.129586174127854
0.840955766960956	0.085392311941996	0.0166703823352845	0.0569815387617634	0.907000111359746	0.0504402284755074	0.0094853460699614	0.0330743140947851	0.458060008274009	0.534718450628798	0.00341061990850119	0.00381092118869154	0.993364867301814	0.00243053887162946	0.00420459382655665	0.986166750884841	0.0038082215314557	0.0100250275837031	0.940067242451155	0.00330654974226748	0.00124214294626857	0.0553840648603084	0.86554667380743	0.000153301145899906	0.00358051715684278	0.130719507889828
0.846399322224613	0.0959847376806953	0.00637299831211781	0.0512429417825743	0.890848190068875	0.0499468758246005	0.0192118851522291	0.0399930489542958	0.481363678717136	0.515172151768874	0.00216575601236052	0.00129841350162898	0.98381203399508	0.000536783058853961	0.0156511829460658	0.970868804579025	0.00596945994982038	0.0231617354711543	0.940518349975642	0.00451352971496635	0.00137174748333571	0.0535963728260562	0.870566141377168	0.00655991341414923	0.00181846264379826	0.121055482564885
0.853215221113988	0.083747110668766	0.0130553104475864	0.0499823577696594	0.899501420976407	0.0489581314647672	0.0136111289343601	0.037929318624466	0.446810678445173	0.546810944511399	0.00432252060139691	0.00205585644203064	0.995282264112931	0.00284830297851498	0.001869432908554	0.982543902699823	0.00275418872805763	0.0147019085721199	0.944329341255695	0.00343884357818034	0.000254324352115629	0.0519774908140086	0.853190803304992	0.0162090439905712	0.00314674055597357	0.127453412148463
0.846727268079754	0.0841848390969816	0.0190261374271418	0.0500617553961229	0.900755253966764	0.0470149229835401	0.0163787091949636	0.0358511138547318	0.436202977531783	0.56322729906274	0.000543625520187118	2.60978852905495e-05	0.986745599560753	0.00299357564640619	0.0102608247928408	0.98076722529243	0.00284981738332435	0.016382957324246	0.943299066869138	0.000848133949858636	0.00458481445646958	0.0512679847245341	0.867210876017448	0.00413367303125831	0.00237523954108347	0.12628021141021
0.833558243917049	0.0893976330175059	0.0167183915764744	0.0603257314889708	0.903123330037336	0.0545737120640278	0.0088634786613626	0.0334394792372733	0.408543142844903	0.58277526938253	0.00608723852910434	0.00259434924346277	0.987709828798935	0.00215476200286949	0.0101354091981957	0.980577989559443	0.00132201403738743	0.01809999640317	0.942602846146601	0.00206110507774721	0.0022400091737364	0.0530960396019155	0.861475805060972	0.000418797100848971	0.00251477703915704	0.135590620799022
0.836165815582865	0.087807198023825	0.023041081617474	0.0529859047758358	0.907529689515277	0.0481896979115871	0.013915318198121	0.0303652943750152	0.443795732305248	0.550521654410553	0.00143349587150915	0.00424911741268993	0.980909507690756	0.0040742850719315	0.0150162072373121	0.988408326118898	0.000272864412595525	0.011318809468507	0.935811107048717	0.0049805180443512	0.00645003540681669	0.0527583395001154	0.859066525160865	0.007441148825092	0.00583955673193918	0.127652769282104
0.842555311105763	0.0790730380690078	0.0183090363771911	0.0600626144480377	0.907052483476085	0.0451999401552354	0.0113830392064984	0.036364537162181	0.439349867636634	0.556807300028832	0.002378859364911	0.00146397296962305	0.993742947231391	0.00194959346967608	0.00430745929893254	0.983751781289005	0.00302647507597994	0.0132217436350148	0.937915047269078	0.0048122692437064	0.00191424272688552	0.0553584407603301	0.877339352452094	0.00302109771582914	0.000471223886128643	0.119168325945948
0.8500175942038	0.0906936265590876	0.0128907605908815	0.0463980186462307	0.896240282284231	0.0533678705803797	0.0116260241027072	0.0387658230326826	0.423555012133672	0.569044325623025	0.00517662326245955	0.00222403898084416	0.993672552861317	0.00506713609598801	0.00126031104269459	0.979048230600892	0.00276744327551493	0.0181843261235931	0.941934062683824	0.000382061115883614	0.000869051077521368	0.0568148251227716	0.865190299457372	0.00561738457458307	0.00850413607637798	0.120688179891667
0.849378502864357	0.0827396516358791	0.013769998933282	0.0541118465664816	0.908019594423017	0.0484114184670871	0.0110975892516114	0.0324713978582841	0.426118244317439	0.571079267227554	0.00234802720675402	0.000454461248253132	0.983898348655722	0.000711729881389133	0.0153899214628886	0.983891909307717	0.00238080381750361	0.0137272868747794	0.938016088786748	0.00597001032101276	0.00334285664154476	0.052671044250694	0.863322410573131	0.00142858452167475	0.00261146465890927	0.132637540246286
0.84985874963575	0.0868249386847376	0.00999900946199495	0.0533173022175179	0.891132761030785	0.0517766851367054	0.016641585946167	0.0404489678863423	0.442229887944749	0.550206740335991	0.00309726396417802	0.00446610775508254	0.977358508369875	0.000750447111618513	0.0218910445185063	0.97921399647934	0.00188590752910961	0.0189000959915503	0.938221105451191	0.0074617859930306	0.00215257573133567	0.0521645328244429	0.853118798698909	0.00912025966960934	0.00192866705490586	0.135832274576576
0.84679804659258	0.0811358032756061	0.0196879138400082	0.0523782362918059	0.908788260284199	0.0462213145129186	0.0138835252372277	0.0311068999656542	0.441700760885314	0.549407050396446	0.00596094289577704	0.00293124582246242	0.987243432355753	0.00456083810747771	0.00819572953676968	0.97679537362772	0.00408077400902644	0.0191238523632537	0.94783020517453	0.000448653441860584	0.000370437243200729	0.0513507041404083	0.866308174479106	0.0085778970275876	0.000117123350173603	0.124996805143133
0.864787344719618	0.0767787938254386	0.00900631208319591	0.0494275493717475	0.900876591712665	0.0482944647304085	0.01690160402869	0.033927339528237	0.450817449065392	0.543011675855257	0.00276190631135309	0.00340896876799815	0.992229000527911	0.00519538739113524	0.0025756120809543	0.988908728007306	0.000759909298531451	0.0103313626941624	0.93786989672864	0.00197409038379978	0.000805481542605028	0.0593505313449549	0.850800939502356	0.0147183788093138	0.00283118337896157	0.131649498309368
0.858675338710181	0.0801328952230943	0.00809100175104643	0.0531007643156778	0.907604387936804	0.0484429644960224	0.00742348433860086	0.0365291632285724	0.454763551879055	0.542511144781046	3.80002371357236e-05	0.00268730310276352	0.989951714730913	0.000454293280027071	0.00959399198906004	0.977786172959982	0.00220695003299599	0.0200068770070215	0.940875686556642	0.00518781779724224	0.00038239478731799	0.0535541008587977	0.873361859671408	0.00181652300611824	0.00307335069528367	0.121748266627191
0.868882701189683	0.0784985460987058	0.0121525957760499	0.0404661569355616	0.904544047789523	0.0478987006219245	0.014356064721434	0.0332011868671182	0.433706296810443	0.564034785782847	0.00203957687533865	0.000219340531371711	0.981886461200192	0.0019930111613363	0.016120527638472	0.978985970772996	0.00424394446630101	0.0167700847607024	0.938443053440745	0.0034296054116385	0.00355265967289035	0.0545746814747265	0.864733673159931	0.00386546731140826	0.00387566513470555	0.127525194393955
0.848245305747973	0.0886031704732797	0.0115088767226172	0.05164264705613	0.912144699392428	0.0492922413014517	0.0073291537550821	0.0312339055510384	0.447284966337718	0.5461000791742	0.00624078808264128	0.00037416640544031	0.995490308202166	0.00238383954491002	0.00212585225292405	0.976950302173651	0.00282291276046942	0.0202267850658794	0.947682662445401	0.000250926267803118	0.00188313551743591	0.0501832757693601	0.8705461723216	0.00122210412616924	0.00310977988909131	0.125121943663139
0.843752439450792	0.0840707166342679	0.0157263969191141	0.0564504469958258	0.901956232342693	0.0481589764476448	0.0129451598483042	0.0369396313613582	0.447069268048108	0.543152662238264	0.00519841039570216	0.00457965931792539	0.972491986550658	0.00450281006986728	0.0230052033794742	0.983617474765976	0.00483960008543102	0.0115429251485926	0.935092157998737	0.00399363849894004	0.00380706324042638	0.0571071402618965	0.863553202807239	0.0105612236825958	0.000668200328583856	0.125217373181581
0.853479211046643	0.0880462188085787	0.0100477829098425	0.0484267872349353	0.903249038429278	0.0503742173072498	0.00996472306158036	0.0364120212018924	0.425159553964222	0.568204319364075	0.00527927401371354	0.00135685265798996	0.990477823127236	0.00379027511089096	0.00573190176187319	0.98751395373941	0.000806295524387695	0.0116797507362021	0.937013358775344	0.00479886890946114	0.0046686753258981	0.0535190969892967	0.871132697797106	0.00123832335922412	0.000860899664178348	0.126768079179491
0.851171387345332	0.0932152325947783	0.00442437013776768	0.0511890099221216	0.900645794658151	0.046042441706132	0.0144848050433117	0.0388269585924056	0.444956140079354	0.551575445228531	0.000321614688242316	0.00314680000387237	0.973816195904563	0.00118071910095896	0.0250030849944785	0.981309909293047	0.000976675454808439	0.0177134152521442	0.929086184162537	0.00711593570208564	0.00579319488438737	0.0580046852509898	0.86144332168075	0.00680537369398597	0.00312075991550225	0.128630544709762
0.862574004387765	0.0829287043379267	0.0097750508891735	0.0447222403851342	0.900234734794386	0.0464916826194169	0.0133542671968672	0.0399193153893299	0.429141340841276	0.562210907184098	0.000442812697735351	0.00820493927689068	0.98365316336999	0.00127874498204589	0.0150680916479644	0.983427526158668	0.00196403300306654	0.0146084408382652	0.942071610540992	0.00379100751029331	0.00103659452865846	0.053100787420056	0.862179158369965	0.0117713425519323	0.00691147681921118	0.119138022258891
0.858737977864844	0.0723061702326585	0.014488176308372	0.0544676755941251	0.907977560715806	0.0415897420539981	0.0109436838270129	0.0394890134031827	0.435942335162607	0.55889705789168	0.00266112588187646	0.00249948106383599	0.990933337829198	0.00172491628136322	0.00734174588943906	0.984396786620544	0.000227634280666377	0.0153755790987893	0.934389643565148	0.00663194423426928	0.00180862309224696	0.0571697891083363	0.861991142727572	0.00485469837245429	0.00499808900278916	0.128156069897184
0.849386474082798	0.0831879452406047	0.00696529532310265	0.0604602853534952	0.900157653228116	0.0488213295112836	0.0171595929512046	0.0338614243093957	0.43096390279101	0.562408307084406	0.00048839611322407	0.00613939401135949	0.997786299985055	0.00123876437890956	0.000974935636035243	0.975618379173763	0.00393205055313288	0.0204495702731045	0.931950682812025	0.00923904521020582	0.00329379059605503	0.055516481381714	0.86941352841886	0.00680395213561373	0.00101888105830602	0.122763638387221
0.861134493853224	0.0782515837712681	0.0130345821767721	0.0475793401987356	0.891053704093142	0.0580831388550123	0.0105112806609597	0.0403518763908858	0.439596155484543	0.556322306348878	0.00354887082358378	0.000532667342995307	0.996387774046946	0.00306348777134164	0.000548738181712739	0.982527543873616	0.00231399758933737	0.0151584585370468	0.930719882739471	0.0124498013967958	0.00221264597226054	0.0546176698914728	0.864400636407611	0.0106912383970538	0.00260100502194894	0.122307120173386
0.840440317022951	0.0772788624128602	0.0169993607374859	0.0652814598267032	0.898428889067323	0.0512966146703848	0.0155040582106049	0.0347704380516874	0.425624757305983	0.564399241213495	0.00662407470144502	0.00335192677907694	0.989454498568608	0.000159004636040435	0.0103864967953517	0.978645009096597	0.00144947715660982	0.0199055137467929	0.94203362960525	0.00704125883014421	0.00175528901763099	0.0491698225469752	0.862229759248588	0.00379505281840516	0.00140958536833089	0.132565602564676
0.854719288350243	0.0782261264207859	0.0130901875534084	0.0539643976755622	0.89440500489093	0.050488405392078	0.0173036090542101	0.0378029806627816	0.442320698025416	0.554828336458774	0.000929045493898136	0.00192192002191135	0.978079695693079	0.00112167362045253	0.0207986306864689	0.981419787204965	0.00156308007715059	0.0170171327178839	0.937418329898224	0.00282444764583954	0.00452964052558493	0.0552275819303512	0.860746844999554	0.0119720547988357	0.00175694907423876	0.125524151127371
0.863427772357512	0.0790519983100608	0.00544016184167377	0.0520800674907535	0.899210357404948	0.0493052120492336	0.0147033793335278	0.0367810512122902	0.416672656011876	0.579778814450979	0.000860605782369651	0.00268792375477475	0.995083469013508	0.00382290762624846	0.00109362336024345	0.982987207392722	0.00158072604481368	0.015432066562464	0.938914781702247	0.00635185413591563	0.00176246538800604	0.0529708987738311	0.847970841971205	0.00843500507655277	0.00297766085858134	0.140616492093661
0.852666565809651	0.0805480768345221	0.00801303767537591	0.0587723196804513	0.900076603003844	0.050035578583694	0.0186196341529428	0.0312681842595191	0.43659315318462	0.555156449429333	0.00299901395547393	0.00525138343057287	0.985589206686034	0.00674695086448147	0.00766384244948426	0.982877531942659	0.00225262429199642	0.0148698437653446	0.928132697837259	0.00805049370441377	0.00662529914906679	0.0571915093092602	0.864378062960177	0.00220273549252655	0.00510030155792773	0.128318899989368
0.84464512306525	0.0848659874853902	0.0198301295893713	0.050658759859989	0.905978915145832	0.0476418993501349	0.0116060532727294	0.0347731322313033	0.452064356198983	0.540579098378881	0.00325147775415579	0.00410506766797994	0.984748260896461	0.00349597934230554	0.0117557597612338	0.982053567106808	0.00578188866939234	0.0121645442238002	0.942201385276195	0.00309349178874293	0.0002095016903764	0.0544956212446853	0.869117482638226	0.00767846950702981	0.00442929602917606	0.118774751825568
0.869567855748105	0.07915405933925	0.00997044033979923	0.0413076445728457	0.892427079862891	0.054219854657102	0.0161074893403773	0.0372455761396298	0.452315558307175	0.545291759204231	0.00122119382418661	0.00117148866440725	0.989658750469422	0.000918519681198384	0.00942272984937975	0.985208060574938	0.00182280026962309	0.0129691391554387	0.928152958904247	0.00908304344692488	0.00523574467315631	0.0575282529756722	0.872301680715396	0.0115680573408709	0.00334873014245561	0.112781531801278
0.862110456892762	0.0808855629160197	0.009283902939295	0.0477200772519235	0.898649325386998	0.0476958840497164	0.0194242246729554	0.0342305658903305	0.439940616160396	0.55480615099186	0.00151133893246534	0.00374189391527788	0.988442199249141	0.000497045966621661	0.0110607547842377	0.986853152057565	0.00149856398356023	0.0116482839588751	0.937041255402939	0.00527131876480194	0.000484862003857626	0.057202563828401	0.869186476663689	0.00843958157902259	0.00303798355490799	0.119335958202381
0.845047983710959	0.085191707160968	0.0130810780628004	0.0566792310652728	0.904270009986455	0.043305782288037	0.0140764595107399	0.0383477482147677	0.450129582885238	0.546488872872084	4.48277099420795e-05	0.00333671653273582	0.982963747682749	0.0029927953207691	0.0140434569964823	0.981243346560173	0.000114972834994059	0.0186416806048327	0.946711984780555	0.00120640528325642	0.00151614431184423	0.0505654656243439	0.852369524863014	0.00736308810403288	0.000268281234910127	0.139999105798043
0.863929748359157	0.0825310290538024	0.0101675356582012	0.0433716869288397	0.898732199301417	0.0473737837865437	0.013402814597339	0.0404912023147004	0.472507215046759	0.522992781385283	0.00303231200248191	0.00146769156547599	0.993056191052314	0.00224731968780155	0.0046964892598843	0.977343060497943	0.00458878606351338	0.0180681534385434	0.937776291536591	0.00225368426641809	0.00219583414420686	0.0577741900527843	0.875343389892304	0.00873217283446562	0.00056655959471912	0.115357877678512
0.8541962081063	0.0822502564889985	0.0125569882898525	0.0509965471148492	0.9009849699213	0.0476524520950177	0.0118478303840533	0.0395147475996294	0.456829766205294	0.538872299585293	0.0017416937455066	0.00255624046390557	0.99321727712524	0.00511536662980114	0.00166735624495916	0.981026180508506	0.001783697547592	0.0171901219439021	0.949520403254597	0.00303722279522063	0.00066100700755019	0.0467813669426327	0.868322427001277	0.00493879848563846	0.00389588746493729	0.122842887048147
0.835226299750148	0.0989138520561115	0.0145726244747941	0.051287223718946	0.892229273699844	0.0512488310964401	0.0179058957358926	0.0386159994678238	0.441559535578652	0.550729965122973	0.00593716729656499	0.00177333200181067	0.991821491961829	0.00286021411630167	0.00531829392186924	0.975673140221089	0.00018678034863247	0.024140079430279	0.935111903781915	0.0068969072705769	0.00205867392385678	0.0559325150236512	0.876003821325502	0.00135091217061177	0.0057602170015774	0.116885049502309
0.853001078778655	0.0851086692945947	0.0091356672709901	0.0527545846557606	0.89964302748829	0.0495363763336625	0.0188025909894417	0.0320180051886062	0.448218825855687	0.548495155604327	0.00313912004723831	0.000146898492747117	0.996753740591511	0.00134108333287192	0.00190517607561731	0.987629379159233	0.0015393626819169	0.0108312581588501	0.942931940278779	0.00721977283338479	0.00106174596262151	0.0487865409252151	0.859905166359453	0.00651680377917455	0.000804820562640976	0.132773209298731
0.857756636270443	0.0707900534725753	0.0199474803651697	0.051505829891812	0.892289403270936	0.0454589484573611	0.0234188340387535	0.0388328142329498	0.468593451523992	0.527727114323587	0.00165161603334439	0.00202781811907698	0.991599150212978	0.00252864582188618	0.00587220396513598	0.985682844343016	0.00254445040529829	0.0117727052516855	0.937831635513806	0.00385504529025471	0.00311593249041309	0.0551973867055263	0.858750447042698	0.0137253804101793	0.00425932025308275	0.12326485229404
0.851574427722251	0.0840457569571615	0.00871826733410457	0.0556615479864825	0.900878942824921	0.0474608068186044	0.0195539217985308	0.032106328557944	0.425234429537215	0.568901211758619	0.0032493234014521	0.00261503530271414	0.977966754012114	0.00250556597966199	0.019527680008224	0.983379055754045	0.000920095389516753	0.0157008488564386	0.936681707111448	0.00523728399909217	0.00376534432188029	0.0543156645675791	0.863254202298705	0.0126695288802162	0.00121399078448508	0.122862278036594
0.869500018082808	0.0750928060027226	0.00900387800840255	0.046403297906067	0.899269007575908	0.053616164288532	0.0083958776515998	0.0387189504839599	0.456699113522381	0.538054755066939	0.00252482089328	0.00272131051740073	0.980927756594071	0.00725969616478581	0.0118125472411436	0.981040777835253	0.00470031912446785	0.0142589030402794	0.937814792261235	0.00402959163701987	0.00715377944951288	0.051001836652232	0.850138252682833	0.00694896252516761	0.0023994484609948	0.140513336331004
0.8700859242747	0.0820842043050839	0.00455302188443696	0.0432768495357795	0.902394456619659	0.0487921302826273	0.0132157339478585	0.0355976791498554	0.461319371967624	0.535255495983783	0.0030571726200304	0.000367959428562527	0.994953365536205	0.000581332306160161	0.0044653021576346	0.985061013716987	0.00109532432365517	0.0138436619593579	0.932363359477618	0.00915079600673368	0.00124803100540868	0.0572378135102398	0.860642515031883	0.0073659868037793	0.00678309752279907	0.125208400641539
0.841243393822826	0.0910817726963649	0.0187006337514052	0.0489741997294043	0.902508999240041	0.0529011148783982	0.0141582110182024	0.0304316748633588	0.455745610282951	0.541547222030851	0.00136303775459285	0.00134412993160514	0.995204800999184	0.00403285123917292	0.00076234776164307	0.980762012623226	0.00479805969333294	0.0144399276834413	0.943974065344727	0.0030761353994986	0.00371500914473248	0.0492347901110421	0.878361019755456	0.00840387522205157	0.00159216525955882	0.111642939762933
0.84601668824004	0.0846700306564062	0.0181735666870302	0.0511397144165238	0.894878515002995	0.0541195569583673	0.0134850722545003	0.0375168557841378	0.420546421046285	0.569697391749894	0.0059234600611953	0.00383272714262592	0.985574797237769	0.00166504540236962	0.0127601573598613	0.98241809344207	0.00257147965938289	0.0150104268985476	0.943461530899983	0.00227540809170162	9.96088120711724e-06	0.0542531001271085	0.85496518294121	0.00750473060510981	0.00318904995788994	0.13434103649579
0.837751151848703	0.0904228921868748	0.0138391537240849	0.0579868022403371	0.906457157653019	0.0487886500818028	0.00859800058280873	0.0361561916823691	0.461970520275322	0.535502508767971	0.00213464172774791	0.000392329228958738	0.986620984518389	0.00387726727000883	0.00950174821160195	0.977089168413752	0.00286209903261522	0.0200487325536323	0.938234352063359	0.00249140032501642	0.00248098748516986	0.0567932601264543	0.874631598850322	0.000556764720883975	0.000549362295999527	0.124262274132795
0.852785619924323	0.0842190862216909	0.0165165823354256	0.0464787115185602	0.905286521392916	0.0506912489133278	0.00639291726563529	0.0376293124281203	0.484002960603479	0.513514397237839	0.00173788717097084	0.000744754987711049	0.972399815119139	0.000694828421521668	0.0269053564593391	0.980757719080409	0.000158399485581007	0.0190838814340095	0.93585356838504	0.00633620744288889	0.00464924909738193	0.0531609750746896	0.88019112508414	0.00327094785530817	0.00217746809047541	0.114360458970076
0.844632309043386	0.0817119488272832	0.0147270091919847	0.0589287329373461	0.895752478169366	0.0507238313962669	0.0156725195346584	0.0378511708997086	0.447193569379491	0.545471134237207	0.00161251712077007	0.0057227792625314	0.984023091076407	0.00218497559856376	0.0137919333250289	0.978950817730095	0.00449123222767052	0.0165579500422342	0.931666924544945	0.00419723670790128	0.00693383196941209	0.0572020067777419	0.87488934749754	0.00193065301752152	0.00151945894498689	0.121660540539952
0.859990046459006	0.0802307791844209	0.000247353082388211	0.0595318212741851	0.894445178038256	0.0498616069816873	0.0125653768600278	0.0431278381200285	0.449539242962308	0.544065241310945	0.00323054372142955	0.00316497200531711	0.992799041942743	0.00225875816612804	0.00494219989112875	0.98427864723423	0.00385711077073428	0.0118642419950357	0.937353981088384	0.00278757955040734	0.00375134026033737	0.0561070991008714	0.873658423480017	0.000412924196042707	0.000811823884350513	0.12511682843959
0.856903633407011	0.0820856624701679	0.00476833286457948	0.0562423712582415	0.903720607000698	0.0512091877237771	0.014633758536798	0.0304364467387273	0.41904505284546	0.573297140620111	0.00615577120151482	0.00150203533291352	0.981357965549767	0.00242608724256179	0.0162159472076709	0.979749075557018	0.000296852211295929	0.0199540722316864	0.940462160992559	0.0026616259678487	0.00133517629532013	0.0555410367442722	0.859710410532982	0.00797657844226322	0.00672656048373742	0.125586450541017
0.866559976399134	0.079762015373432	0.00617298026307789	0.0475050279643559	0.90365403439076	0.0507781893903304	0.0131581776046559	0.0324095986142538	0.431931812466382	0.562506644179172	0.00194950033138114	0.00361204302306425	0.978784731074363	0.00287045574365214	0.0183448131819853	0.985429349256369	0.00204506417055198	0.012525586573079	0.942697681437029	0.00104367085856355	0.000510276241341477	0.0557483714630658	0.857467139546553	0.00863296216929986	0.00457200082728	0.129327897456867
0.839074634651476	0.0867718750677078	0.0205134126712225	0.053640077609594	0.895366503098743	0.0512199946523364	0.0157102072584656	0.0377032949904552	0.455928931879111	0.537729073416096	0.00255449606329876	0.00378749864149364	0.990540337948192	0.00629346455190194	0.00316619749990654	0.981939947396277	0.0036328239868564	0.0144272286168663	0.939756341396183	0.00538039608458992	0.000800873577746228	0.0540623889414804	0.874898303842194	0.00633304668896645	0.00261236085481344	0.116156288614026
0.867168270096325	0.0794101017433682	0.00356872767724454	0.0498529004830625	0.896235846163481	0.0483089766483982	0.0106442931117599	0.0448108840763611	0.448261184402812	0.54899380253418	0.00123891454806715	0.0015060985149405	0.98564870053631	0.00563498525972835	0.00871631420396184	0.983006978284305	1.90272486622566e-05	0.0169739944670331	0.933601314282843	0.00730667825009838	0.00306310961658302	0.0560288978504757	0.870611490951591	0.00478426534779248	0.00401060726341543	0.120593636437201
0.861246470560545	0.0774157715061696	0.0107109512200824	0.0506268067132033	0.90124244896734	0.0468375918313697	0.0138355905472175	0.0380843686540733	0.442533600066012	0.549871331235762	0.00223304527847761	0.00536202341974868	0.986261650137407	0.00570561509543127	0.00803273476716155	0.981399261754167	0.00158658023901145	0.0170141580068212	0.933617708311964	0.00994170553697799	0.0016815210542405	0.0547590650968172	0.867892019343111	0.00896068434007599	0.00125903327965947	0.121888263037153
0.862271484113447	0.0769113986023211	0.00994070743528147	0.0508764098489505	0.897979999693142	0.0568305976372533	0.00810451571650018	0.0370848869531042	0.447162488908787	0.546285078657354	0.000561287863884213	0.00599114456997457	0.977761703240513	0.004800648860381	0.0174376478991055	0.977492556032707	0.00282713907220062	0.0196803048950924	0.944552878354939	0.00124342141011046	0.00227765671964729	0.0519260435153032	0.856515459293246	0.0107933736954189	0.00132612831811523	0.13136503869322
0.838931161523791	0.086752901312107	0.0190252344943333	0.0552907026697692	0.904370343364126	0.0487511438434117	0.0131480245158473	0.0337304882766151	0.453536787132422	0.542134646559081	0.00234269000280877	0.0019858763056882	0.995886836744443	0.00293764536921209	0.00117551788634511	0.980102372636371	0.00317346330439753	0.0167241640592319	0.941920098332105	0.00377702968116484	0.00228287296500295	0.0520199990217271	0.860035658282332	0.00651932233048837	0.00151833913556054	0.131926680251619
0.856598607686722	0.0909086862858826	0.0123300932943366	0.0401626127330591	0.902051713171651	0.0470155682963457	0.0132277356801942	0.0377049828518091	0.438084946559111	0.557215878476258	0.00349769358902269	0.00120148137560838	0.99248341358207	0.000622948822276314	0.00689363759565336	0.979696488635462	0.00498185989821776	0.0153216514663206	0.935010417528706	0.00325936402565432	0.0074005977963993	0.05432962064924	0.873543431341015	0.00206201760730968	0.00249522354815081	0.121899327503525
0.860911364064094	0.0791348011577779	0.00421650429575876	0.0557373304823695	0.896812734384306	0.0519333964610831	0.0120930637420529	0.0391608054125584	0.471051167425138	0.524771844236707	0.00177413539496783	0.00240285294318674	0.982532683240417	0.00185432844196263	0.0156129883176206	0.973734211328575	0.00703183786836603	0.0192339508030588	0.941339954035617	0.00700776409085183	0.0018135801534964	0.0498387017200349	0.850079585872742	0.0114179363349212	0.00366694374581581	0.134835534046521
0.859195856618536	0.0833088099996591	0.00731443566902216	0.0501808977127823	0.906733946702725	0.0502723484928781	0.0110949467079864	0.0318987580964107	0.432166572939572	0.564835803742492	0.00089997585579546	0.00209764746214068	0.980798167119547	0.0047163413301261	0.0144854915503271	0.982203529896387	0.00160776216359016	0.0161887079400224	0.93306372422058	0.0110642230437618	0.00286759579774114	0.0530044569379171	0.861422172111216	0.0078658688816499	0.0037938949734584	0.126918064033676
0.858641289672228	0.0795695671411445	0.0143655984434767	0.0474235447431505	0.899614990643546	0.0531104057424367	0.010558635365726	0.0367159682482915	0.439043476820051	0.555707970237095	0.00402529869770792	0.001223254245147	0.988924061863756	0.00444966925027813	0.00662626888596612	0.980550443713416	0.00511367005864257	0.0143358862279413	0.932605064402744	0.00944940590015853	0.00487515423548988	0.0530703754616074	0.863634822528815	0.00564203462903188	0.00423643370693069	0.126486709135223
0.830876561737086	0.0966330154502259	0.0166808916538663	0.0558095311588219	0.90109189776	0.0532116385415694	0.0128154075729457	0.0328810561254854	0.463081363562149	0.530739613280987	0.00506947493996561	0.00110954821689803	0.983742124250318	0.00395570067575765	0.012302175073924	0.982958324135999	0.000953075237312316	0.016088600626689	0.944306051313898	0.00313752518958473	0.0012513090240314	0.0513051144724857	0.873397566923355	0.00503184233992353	0.00268674122884608	0.118883849507876
0.849847192763355	0.0815400066732672	0.00889875238637949	0.0597140481769981	0.910827351612255	0.043944217452154	0.0149978503494742	0.0302305805861169	0.439890073069644	0.552320495685099	0.00499526960960317	0.00279416163565472	0.980319861623674	0.00524403543753284	0.0144361029387934	0.979700386748514	0.00513475540146304	0.0151648578500234	0.939370008432731	0.00702196320607523	0.000551099237341329	0.0530569291238522	0.857649779629873	0.0112759634501083	0.00340774144055108	0.127666515479468
0.856625403278257	0.0900205710899421	0.0134057054306151	0.0399483202011862	0.892667923745431	0.0494767526330873	0.0193648443096746	0.0384904793118067	0.443078633627958	0.55399904113322	0.00170990514431444	0.0012124200945073	0.976397712685074	0.000834481681467218	0.0227678056334582	0.983538570789281	0.00149701627280115	0.0149644129379179	0.932967255259093	0.00801696889111453	0.00508987977170244	0.0539258960780897	0.861777015380927	0.00770968356091015	0.000170358179465306	0.130342942878698
0.850998363376604	0.0855752446333366	0.00870747777755667	0.0547189142125027	0.904513881758785	0.048393034399755	0.00835878094907713	0.0387343028923826	0.451064243005211	0.54131674566016	0.00373487213046319	0.00388413920416653	0.984370745233981	0.00540459367009597	0.0102246610959233	0.978807789109409	0.00107477502839472	0.0201174358621963	0.935430270789182	0.00214920069439043	0.00736664352060806	0.0550538849958195	0.868169215071647	0.00324625982903982	0.00429238104990233	0.124292144049411
0.859109675478513	0.0729875334341963	0.0137954768645817	0.0541073142227087	0.90981393874283	0.0450891810150425	0.014430654327116	0.0306662259150118	0.452467698527539	0.541099342273243	0.00358777620031709	0.00284518299890185	0.990455929163226	0.00628763714115218	0.00325643369562203	0.979342839344416	0.00445004248785642	0.0162071181677273	0.935804282481294	0.00247043803808801	0.00416532759335623	0.0575599518872613	0.87290837491217	0.00621783607068257	0.000167403491058583	0.120706385526089
0.855737541642955	0.092124168629585	0.0106440307664047	0.0414942589610553	0.898891363417135	0.0489969507761033	0.018288607471697	0.0338230783350643	0.472854979925694	0.523059539014522	0.00268111983965688	0.00140436122012772	0.979799833401033	0.0062391405135111	0.0139610260854555	0.981537945727362	0.00284938018425868	0.0156126740883792	0.933211059104542	0.0130743948790428	0.00363999688227428	0.0500745491341407	0.871718575849656	0.00996898387659729	0.000432820816768805	0.117879619456978
0.854179349031026	0.0835026740215633	0.0133037304421017	0.0490142465053089	0.899664858414266	0.0519023564286953	0.012206881916198	0.0362259032408403	0.424148800033843	0.570991949698378	0.00174080426822822	0.00311844599955085	0.989858776325062	0.0031565069132394	0.00698471676169908	0.981019634581014	0.000828155040547229	0.0181522103784389	0.934991947667532	0.0117215390768602	0.00297685632021224	0.0503096569353953	0.862615107937611	0.00330563236165058	0.00169271254416142	0.132386547156577
0.841699088907824	0.0932139231970287	0.010932752925662	0.0541542349694852	0.901042936773939	0.0455059252802478	0.0134595896047632	0.0399915483410498	0.428688292230387	0.569120558327477	0.00123784390278908	0.000953305539347576	0.985553580227328	0.00559683384348489	0.00884958592918683	0.982657986743394	0.00143067177655063	0.015911341480055	0.942854508185688	0.00191586113159922	0.000440807074833109	0.0547888236078796	0.877084315691315	0.00204110094476545	0.00297925057544654	0.117895332788473
0.853622309785301	0.0862394173910681	0.00383246607501375	0.0563058067486172	0.907832079342584	0.0490489421739122	0.0128995060896827	0.030219472393821	0.43317314851757	0.562663966325286	0.00313630285107693	0.00102658230606712	0.978480773546852	0.00023471590913217	0.021284510544016	0.981077408100111	0.00136706849988015	0.0175555234000087	0.93575579283302	0.00605083190812813	0.00221969210474375	0.0559736831541081	0.863911837874518	0.00885046844274381	0.00555929005540952	0.121678403627328
0.857384662070843	0.0896321754267398	0.00659415554404417	0.0463890069583732	0.896859689708999	0.0509295104230983	0.0153963984123246	0.0368144014555783	0.424584245128721	0.566036932335739	0.00458716998447523	0.00479165255106461	0.974250533816148	0.00592732060927069	0.0198221455745811	0.979040976130553	0.00217677513190659	0.0187822487375407	0.934314957199513	0.00693220271524877	0.00327520842533348	0.055477631659905	0.869117976637956	0.00697200626251948	0.000930156463388022	0.122979860636137
0.848426942713582	0.0882889613311067	0.0115447870907936	0.0517393088645175	0.904616266218279	0.0474686941740893	0.0125484113709061	0.0353666282367255	0.440484158524471	0.551066339516383	0.00580661114148937	0.00264289081765646	0.99274603050141	0.0027481846530239	0.00450578484556607	0.981748283431181	0.00237467832962632	0.0158770382391928	0.935244157180001	0.00858859187979004	0.00232159382432259	0.0538456571158867	0.862444901069853	0.0149703995075203	0.00218848531272544	0.120396214109901
0.835885902006748	0.0945864634789061	0.0153366225599294	0.0541910119544169	0.898150362541471	0.0517692703753191	0.0147439094986328	0.0353364575845771	0.461413479184269	0.536293712204084	0.00117489119492171	0.00111791741672614	0.979877188719793	0.0032352339286364	0.0168875773515707	0.986670568095827	0.00286430141962163	0.0104651304845514	0.936484921262758	0.00536621242825837	0.00300052350716379	0.0551483428018198	0.868274003357642	0.00858270550625937	0.00133597712429134	0.121807314011808
0.861756381752423	0.0837682621574276	0.00607467113991564	0.0484006849502334	0.900060388049439	0.0508168250552676	0.0153460298000136	0.0337767570952798	0.418322567986926	0.580372673175074	0.000191423380709323	0.0011133354572912	0.983567341388894	0.00188562090848499	0.0145470377026206	0.984158851732525	0.00128074135896091	0.0145604069085142	0.942549645537574	0.00245420925549241	0.00453159375178479	0.0504645514551487	0.867524500164411	0.00614482786822505	0.000314571427319086	0.126016100540045
0.848413880239703	0.0805221998234654	0.0168509032369823	0.0542130166998492	0.903051037250078	0.0486575231325116	0.0133373245160795	0.0349541151013314	0.450713108448102	0.546572691749996	0.00255284949391591	0.000161350307986873	0.982041176890241	0.000192874327667517	0.0177659487820917	0.97642817803686	0.00136854504287149	0.0222032769202687	0.939613977260368	0.0152645900180403	0.000951889586183327	0.0441695431354083	0.863602615886406	0.00517956933357793	0.000935487022432234	0.130282327757583
0.855994805484345	0.0842795351304192	0.00941121302548986	0.0503144463597459	0.911659594351593	0.0428068896341707	0.0107150486094558	0.0348184674047804	0.459942021265101	0.526933089075049	0.00637487055339511	0.00675001910645494	0.99000769698332	0.00769092567615776	0.00230137734052206	0.980291377745328	0.00253202902088681	0.0171765932337848	0.941091092055826	0.00295731354900391	0.000891767569861514	0.0550598268253082	0.854188979150301	0.00897626505141677	0.0019549195223352	0.134879836275947
0.855760970165883	0.079255527655067	0.0154835878637261	0.0494999143153236	0.890403902514473	0.0579227473615456	0.012055726739403	0.0396176233845787	0.462728287987002	0.530136813252561	0.00123039540235903	0.00590450335807711	0.980406990706544	0.00489852071935662	0.0146944885740999	0.978339764078071	0.00380694713721533	0.0178532887847134	0.940422617560483	0.00651092069656739	0.00370064624842403	0.0493658154945254	0.874206227017476	0.000772097587667689	0.00188233094023956	0.123139344454617
0.847851764172204	0.084173521125409	0.00789214969388513	0.0600825650085023	0.905928381776393	0.050297313283868	0.00420088292030607	0.039573422019433	0.461824963479233	0.526822080792655	0.0100558720791443	0.00129708364896697	0.987701142278136	0.00192766532036698	0.0103711924014969	0.984238295122858	0.00240353612085692	0.0133581687562846	0.941079569647049	0.00220591497890313	0.00260949801212496	0.0541050173619234	0.843561396461442	0.0115099661567495	0.00888655327967629	0.136042084102132
0.86915429998417	0.0795546955812539	0.00349989146034308	0.0477911129742334	0.899920290711894	0.0505175824879703	0.0130516966840062	0.0365104301161295	0.466449526200024	0.531660581494123	0.00139671025717359	0.000493182048679617	0.990399375131094	0.00424182067695985	0.00535880419194609	0.98155692487272	0.00182043551135723	0.016622639615923	0.936149057162709	0.00758148182438075	0.00796154860556315	0.0483079124073468	0.870651398063542	0.00117724902869974	0.000489699834714097	0.127681653073045
0.852107216108407	0.0812433641209069	0.0174140505057152	0.0492353692649705	0.899969627491415	0.0491716681124073	0.0124171247116484	0.0384415796845289	0.462941261794932	0.535001884380331	0.00135399830208402	0.000702855522653647	0.990514419816534	0.000808303838741471	0.0086772763447249	0.975362551145207	0.00627311938049028	0.0183643294743023	0.924642455305829	0.01228514150042	0.00838302024098847	0.0546893829527622	0.888317370332812	0.00509062578196588	0.00530644789322659	0.101285555991995
0.864093729225669	0.0781296434235437	0.0103387432444879	0.0474378841062995	0.90542966061259	0.0510692889094794	0.0129950413945996	0.0305060090833315	0.442184561570851	0.557360747047683	0.000387681104954871	6.70102765110436e-05	0.982647913401494	0.00346399639808677	0.013888090200419	0.985144686434853	0.000471278116648014	0.0143840354484992	0.925551137662003	0.0135360018816078	0.00981426607867133	0.0510985943777178	0.863877383749007	0.00317165860655955	0.00357389598498645	0.129377061659447
0.85698208628065	0.0842141312597176	0.00398729436623269	0.0548164880933995	0.896200148976969	0.0526049443765076	0.0165342879208929	0.0346606187256306	0.455944896814927	0.538620986848587	0.00499470210131468	0.000439414235171373	0.976930966938949	0.00112070108418444	0.0219483319768664	0.978868508734006	0.00158330163426075	0.0195481896317337	0.931926833611446	0.0067860601950185	0.00254283453642982	0.0587442716571058	0.873781910867139	0.000233837455091796	0.000565819614995767	0.125418432062774
0.856525393651335	0.0807651258882686	0.0120191542818232	0.0506903261785729	0.893920540597684	0.0546583473710792	0.0129868502777088	0.0384342617535283	0.426023828536249	0.5722481170856	0.00039607260153027	0.00133198177662088	0.992242886970463	0.00457217660438065	0.00318493642515665	0.978518375793075	0.00119005422212214	0.020291569984803	0.93355055762158	0.00915415224178848	0.00107594561158871	0.0562193445250425	0.856685995891624	0.00341400789704978	0.000857910717612068	0.139042085493714
0.859823448891547	0.0876488815663865	0.00402801289939709	0.0484996566426697	0.909566212416169	0.049521113504602	0.00553070362922803	0.0353819704500013	0.444516172037399	0.553158400003995	0.00141903026934032	0.000906397689265471	0.989291133867181	0.00181860536541046	0.00889026076740871	0.978958569261594	0.000602914935378623	0.0204385158030279	0.932908157847912	0.00452956667027063	0.00525316843235676	0.0573091070494609	0.86742488663186	0.0119212051303245	0.00314819143243749	0.117505716805378
0.863019650444531	0.0846907438323439	0.00279824239316921	0.0494913633299562	0.901538073559095	0.0477015317684339	0.0146399507469219	0.0361204439255491	0.461706939774498	0.533866745135926	0.00362686743017666	0.000799447659398643	0.984544697406301	0.00280695690061424	0.0126483456930842	0.982696332358839	0.00250584774828067	0.0147978198928806	0.937116896337989	0.00438787809188222	0.0042181288770674	0.054277096693062	0.87850868201501	0.00338323644502633	0.00266439404865149	0.115443687491312
0.855127754202148	0.0915290954990178	0.00369709730102654	0.0496460529978076	0.890733903082268	0.0522906967196407	0.0139874520730713	0.0429879481250197	0.449090589636949	0.547847503891499	0.00240958585768687	0.000652320613865188	0.984643864753003	0.00108597333668932	0.0142701619103073	0.974840447289063	0.00667301963229839	0.0184865330786384	0.937261875792525	0.00525092867998419	0.00170015260819673	0.0557870429192942	0.870935351414189	0.00201374654616955	0.00355120109157122	0.12349970094807
0.853511264022058	0.0805981078284998	0.0159182853221832	0.0499723428272589	0.897760996230908	0.0574695506067031	0.00974736104785542	0.0350220921145334	0.421365245986065	0.572223432656336	0.0060650495912694	0.000346271766329957	0.985185037218063	0.00238735436983927	0.0124276084120981	0.983679096928267	0.00267652359247715	0.0136443794792559	0.939092035777878	0.00785617060327183	0.00268189454387632	0.0503698990749733	0.859208195256103	0.00810632279386721	0.0013013631250324	0.131384118824997
